segmentId,weather_date,latitude_lookup,longitude_lookup,weathercode,weathercode_unit,weather_description,temperature_2m_max,temperature_2m_max_unit,temperature_2m_min,temperature_2m_min_unit,apparent_temperature_max,apparent_temperature_max_unit,apparent_temperature_min,apparent_temperature_min_unit,sunrise,sunrise_unit,sunset,sunset_unit,uv_index_max,precipitation_sum,precipitation_sum_unit,precipitation_probability_max,precipitation_probability_max_unit,windspeed_10m_max,windspeed_10m_max_unit,windgusts_10m_max,windgusts_10m_max_unit,winddirection_10m_dominant,winddirection_10m_dominant_unit,time,time_unit
416ab8efe59b1653f203084e57cf715e,2026-03-25-20-05,10.7187,106.5921,2,wmo code,"Trời quang, có mây rải rác",33.6,°C,23.1,°C,37.0,°C,27.2,°C,2026-03-25T05:54,iso8601,2026-03-25T18:04,iso8601,9.3,0.0,mm,0,%,16.1,km/h,32.4,km/h,138,°,2026-03-25,iso8601
3dd2bf959a14fc2ab7163d4942282df7,2026-03-25-20-05,10.7923,106.7132,2,wmo code,"Trời quang, có mây rải rác",33.9,°C,23.6,°C,37.4,°C,27.6,°C,2026-03-25T05:54,iso8601,2026-03-25T18:03,iso8601,9.25,0.0,mm,0,%,16.9,km/h,35.3,km/h,138,°,2026-03-25,iso8601
d7312f3cc8ef732b0ce454135f4a3d5e,2026-03-25-20-05,10.7596,106.6986,2,wmo code,"Trời quang, có mây rải rác",33.8,°C,23.6,°C,37.4,°C,27.6,°C,2026-03-25T05:54,iso8601,2026-03-25T18:03,iso8601,9.3,0.0,mm,0,%,16.9,km/h,35.3,km/h,138,°,2026-03-25,iso8601
2d4332f8966c899dd8dbea95386d3b56,2026-03-25-20-05,10.7648,106.6552,2,wmo code,"Trời quang, có mây rải rác",33.6,°C,23.1,°C,36.9,°C,27.1,°C,2026-03-25T05:54,iso8601,2026-03-25T18:04,iso8601,9.3,0.0,mm,0,%,16.1,km/h,32.4,km/h,138,°,2026-03-25,iso8601
d1353b9f804072b489f953c63f1b591e,2026-03-25-20-05,10.7919,106.8179,2,wmo code,"Trời quang, có mây rải rác",34.3,°C,23.7,°C,38.1,°C,27.9,°C,2026-03-25T05:53,iso8601,2026-03-25T18:03,iso8601,9.25,0.0,mm,0,%,17.3,km/h,36.0,km/h,138,°,2026-03-25,iso8601
007f9819226a33e189c30b686ee15949,2026-03-25-20-05,10.8576,106.6058,2,wmo code,"Trời quang, có mây rải rác",34.4,°C,23.1,°C,38.1,°C,27.1,°C,2026-03-25T05:54,iso8601,2026-03-25T18:04,iso8601,9.3,0.0,mm,0,%,16.9,km/h,33.5,km/h,142,°,2026-03-25,iso8601
2d1e2e76955d8d94f92ac490ffbb3d5c,2026-03-25-20-05,10.7923,106.643,2,wmo code,"Trời quang, có mây rải rác",33.5,°C,23.0,°C,36.9,°C,27.1,°C,2026-03-25T05:54,iso8601,2026-03-25T18:04,iso8601,9.3,0.0,mm,0,%,16.1,km/h,32.4,km/h,138,°,2026-03-25,iso8601
295d4adfd20e4e1fd791b42819f8d8c0,2026-03-25-20-05,10.8581,106.7877,2,wmo code,"Trời quang, có mây rải rác",34.5,°C,23.2,°C,38.3,°C,27.2,°C,2026-03-25T05:54,iso8601,2026-03-25T18:03,iso8601,9.25,0.0,mm,0,%,16.9,km/h,33.5,km/h,142,°,2026-03-25,iso8601
2455f4a20916171bdbe19dbb45a76fd7,2026-03-25-20-05,10.7736,106.6614,2,wmo code,"Trời quang, có mây rải rác",33.5,°C,23.0,°C,36.9,°C,27.1,°C,2026-03-25T05:54,iso8601,2026-03-25T18:04,iso8601,9.3,0.0,mm,0,%,16.1,km/h,32.4,km/h,138,°,2026-03-25,iso8601
303c7c39c3a97f956fed9066644c7f50,2026-03-25-20-05,10.8727,106.7669,2,wmo code,"Trời quang, có mây rải rác",34.4,°C,23.1,°C,38.1,°C,27.0,°C,2026-03-25T05:54,iso8601,2026-03-25T18:03,iso8601,9.25,0.0,mm,0,%,16.9,km/h,33.5,km/h,142,°,2026-03-25,iso8601
8da38d271aa21402dd0b42416c8a052d,2026-03-25-20-05,10.7673,106.6997,2,wmo code,"Trời quang, có mây rải rác",33.8,°C,23.6,°C,37.3,°C,27.6,°C,2026-03-25T05:54,iso8601,2026-03-25T18:03,iso8601,9.25,0.0,mm,0,%,16.9,km/h,35.3,km/h,138,°,2026-03-25,iso8601
c7e8f053575a31e8be6d29c76e300110,2026-03-25-20-05,10.8839,106.707,2,wmo code,"Trời quang, có mây rải rác",34.5,°C,23.3,°C,38.3,°C,27.3,°C,2026-03-25T05:54,iso8601,2026-03-25T18:03,iso8601,9.25,0.0,mm,0,%,16.9,km/h,33.5,km/h,142,°,2026-03-25,iso8601
5dcb49eb56272f22e7b44f699bc23285,2026-03-25-20-05,10.7504,106.6692,2,wmo code,"Trời quang, có mây rải rác",33.6,°C,23.1,°C,36.9,°C,27.1,°C,2026-03-25T05:54,iso8601,2026-03-25T18:04,iso8601,9.3,0.0,mm,0,%,16.1,km/h,32.4,km/h,138,°,2026-03-25,iso8601
76af8535a1772f60979e2ace59b57ceb,2026-03-25-20-05,10.7583,106.6458,2,wmo code,"Trời quang, có mây rải rác",33.5,°C,23.0,°C,36.9,°C,27.1,°C,2026-03-25T05:54,iso8601,2026-03-25T18:04,iso8601,9.3,0.0,mm,0,%,16.1,km/h,32.4,km/h,138,°,2026-03-25,iso8601
e6c235ab937f2d2476eb461312d549ac,2026-03-25-20-05,10.8679,106.7813,2,wmo code,"Trời quang, có mây rải rác",34.5,°C,23.2,°C,38.3,°C,27.2,°C,2026-03-25T05:54,iso8601,2026-03-25T18:03,iso8601,9.25,0.0,mm,0,%,16.9,km/h,33.5,km/h,142,°,2026-03-25,iso8601
1b5b958c37a611a63e7132e95820b427,2026-03-25-20-05,10.7504,106.6602,2,wmo code,"Trời quang, có mây rải rác",33.5,°C,23.0,°C,36.9,°C,27.1,°C,2026-03-25T05:54,iso8601,2026-03-25T18:04,iso8601,9.3,0.0,mm,0,%,16.1,km/h,32.4,km/h,138,°,2026-03-25,iso8601
634c812a2c45bd0264002a9a2ecbae37,2026-03-25-20-05,10.7781,106.6563,2,wmo code,"Trời quang, có mây rải rác",33.6,°C,23.1,°C,36.9,°C,27.1,°C,2026-03-25T05:54,iso8601,2026-03-25T18:04,iso8601,9.3,0.0,mm,0,%,16.1,km/h,32.4,km/h,138,°,2026-03-25,iso8601
a7e8464abc9a8b7fa8ccfdb1d8c3e6bd,2026-03-25-20-05,10.7462,106.7957,2,wmo code,"Trời quang, có mây rải rác",33.9,°C,23.6,°C,37.4,°C,27.7,°C,2026-03-25T05:54,iso8601,2026-03-25T18:03,iso8601,9.25,0.0,mm,0,%,16.9,km/h,35.3,km/h,138,°,2026-03-25,iso8601
effeb9ef423badbcb38fb35e6244d543,2026-03-25-20-05,10.713,106.8475,2,wmo code,"Trời quang, có mây rải rác",34.2,°C,23.7,°C,38.0,°C,27.7,°C,2026-03-25T05:53,iso8601,2026-03-25T18:03,iso8601,9.25,0.0,mm,0,%,17.3,km/h,36.0,km/h,138,°,2026-03-25,iso8601
c95548f592ae75b176d1b311b379afb2,2026-03-25-20-05,10.8877,106.6024,2,wmo code,"Trời quang, có mây rải rác",34.4,°C,23.2,°C,38.2,°C,27.1,°C,2026-03-25T05:54,iso8601,2026-03-25T18:04,iso8601,9.3,0.0,mm,0,%,16.9,km/h,33.5,km/h,142,°,2026-03-25,iso8601
8fba7e31168ae20e00328be21fe2091a,2026-03-25-20-05,10.7701,106.6941,2,wmo code,"Trời quang, có mây rải rác",33.8,°C,23.6,°C,37.3,°C,27.6,°C,2026-03-25T05:54,iso8601,2026-03-25T18:03,iso8601,9.3,0.0,mm,0,%,16.9,km/h,35.3,km/h,138,°,2026-03-25,iso8601
40ee8f79ed99e5258c294b0ede150772,2026-03-25-20-05,10.8885,106.584,2,wmo code,"Trời quang, có mây rải rác",34.4,°C,23.2,°C,38.2,°C,27.1,°C,2026-03-25T05:54,iso8601,2026-03-25T18:04,iso8601,9.3,0.0,mm,0,%,16.9,km/h,33.5,km/h,142,°,2026-03-25,iso8601
e3d39cd84d4c0ef295ee5acb87566b98,2026-03-25-20-05,10.8216,106.6983,2,wmo code,"Trời quang, có mây rải rác",34.5,°C,23.3,°C,38.3,°C,27.3,°C,2026-03-25T05:54,iso8601,2026-03-25T18:03,iso8601,9.3,0.0,mm,0,%,16.9,km/h,33.5,km/h,142,°,2026-03-25,iso8601
c3486a5672e29a8d91a857f094df9b58,2026-03-25-20-05,10.7888,106.576,2,wmo code,"Trời quang, có mây rải rác",33.6,°C,23.1,°C,37.0,°C,27.2,°C,2026-03-25T05:54,iso8601,2026-03-25T18:04,iso8601,9.25,0.0,mm,0,%,16.1,km/h,32.4,km/h,138,°,2026-03-25,iso8601
e296d7ebe617046b59eb9b201d3ba439,2026-03-25-20-05,10.7359,106.6338,2,wmo code,"Trời quang, có mây rải rác",33.6,°C,23.1,°C,36.9,°C,27.1,°C,2026-03-25T05:54,iso8601,2026-03-25T18:04,iso8601,9.3,0.0,mm,0,%,16.1,km/h,32.4,km/h,138,°,2026-03-25,iso8601
fff16b993097609c251d6367c38cca99,2026-03-25-20-05,10.7154,106.8475,2,wmo code,"Trời quang, có mây rải rác",34.2,°C,23.7,°C,38.0,°C,27.7,°C,2026-03-25T05:53,iso8601,2026-03-25T18:03,iso8601,9.25,0.0,mm,0,%,17.3,km/h,36.0,km/h,138,°,2026-03-25,iso8601
f16148691bd1eb33aed19cce28aafe05,2026-03-25-20-05,10.7052,106.8287,2,wmo code,"Trời quang, có mây rải rác",34.2,°C,23.6,°C,38.0,°C,27.7,°C,2026-03-25T05:53,iso8601,2026-03-25T18:03,iso8601,9.25,0.0,mm,0,%,17.3,km/h,36.0,km/h,138,°,2026-03-25,iso8601
f59492720cc4552001643fc05a7e5c6f,2026-03-25-20-05,10.8495,106.749,2,wmo code,"Trời quang, có mây rải rác",34.5,°C,23.3,°C,38.3,°C,27.3,°C,2026-03-25T05:54,iso8601,2026-03-25T18:03,iso8601,9.25,0.0,mm,0,%,16.9,km/h,33.5,km/h,142,°,2026-03-25,iso8601
3744e21c2023db0f4531107364d601a9,2026-03-25-20-05,10.7917,106.6899,2,wmo code,"Trời quang, có mây rải rác",33.8,°C,23.6,°C,37.4,°C,27.6,°C,2026-03-25T05:54,iso8601,2026-03-25T18:03,iso8601,9.3,0.0,mm,0,%,16.9,km/h,35.3,km/h,138,°,2026-03-25,iso8601
9e0cf64a0c081b39123a6df04e7d0521,2026-03-25-20-05,10.766,106.664,2,wmo code,"Trời quang, có mây rải rác",33.5,°C,23.0,°C,36.9,°C,27.0,°C,2026-03-25T05:54,iso8601,2026-03-25T18:04,iso8601,9.3,0.0,mm,0,%,16.1,km/h,32.4,km/h,138,°,2026-03-25,iso8601
e5053e4123ff036f85da726f1676370c,2026-03-25-20-05,10.8291,106.8034,2,wmo code,"Trời quang, có mây rải rác",34.5,°C,23.3,°C,38.3,°C,27.3,°C,2026-03-25T05:54,iso8601,2026-03-25T18:03,iso8601,9.25,0.0,mm,0,%,16.9,km/h,33.5,km/h,142,°,2026-03-25,iso8601
038f1f5aa618da4ea9f19f803614e643,2026-03-25-20-05,10.7389,106.6898,2,wmo code,"Trời quang, có mây rải rác",33.9,°C,23.6,°C,37.4,°C,27.7,°C,2026-03-25T05:54,iso8601,2026-03-25T18:03,iso8601,9.3,0.0,mm,0,%,16.9,km/h,35.3,km/h,138,°,2026-03-25,iso8601
3ea305cbef3167c345c81b93932e4cf8,2026-03-25-20-05,10.8177,106.6814,2,wmo code,"Trời quang, có mây rải rác",34.3,°C,23.1,°C,38.1,°C,27.0,°C,2026-03-25T05:54,iso8601,2026-03-25T18:04,iso8601,9.3,0.0,mm,0,%,16.9,km/h,33.5,km/h,142,°,2026-03-25,iso8601
68e23e96f6b84cac9780535768db6eed,2026-03-25-20-05,10.8375,106.7327,2,wmo code,"Trời quang, có mây rải rác",34.5,°C,23.3,°C,38.3,°C,27.2,°C,2026-03-25T05:54,iso8601,2026-03-25T18:03,iso8601,9.25,0.0,mm,0,%,16.9,km/h,33.5,km/h,142,°,2026-03-25,iso8601
edd04a4ad93a14c44c8817dc0837f268,2026-03-25-20-05,10.7552,106.6584,2,wmo code,"Trời quang, có mây rải rác",33.5,°C,23.0,°C,36.9,°C,27.1,°C,2026-03-25T05:54,iso8601,2026-03-25T18:04,iso8601,9.3,0.0,mm,0,%,16.1,km/h,32.4,km/h,138,°,2026-03-25,iso8601
5c7a7f20cc257f980d2163ca90a814cb,2026-03-25-20-05,10.8621,106.6512,2,wmo code,"Trời quang, có mây rải rác",34.4,°C,23.2,°C,38.2,°C,27.1,°C,2026-03-25T05:54,iso8601,2026-03-25T18:04,iso8601,9.3,0.0,mm,0,%,16.9,km/h,33.5,km/h,142,°,2026-03-25,iso8601
70a0fb385cfe3f055585918736e16293,2026-03-25-20-05,10.7434,106.6208,2,wmo code,"Trời quang, có mây rải rác",33.6,°C,23.1,°C,36.9,°C,27.1,°C,2026-03-25T05:54,iso8601,2026-03-25T18:04,iso8601,9.3,0.0,mm,0,%,16.1,km/h,32.4,km/h,138,°,2026-03-25,iso8601
f6d6fdc8243654b3205cca9e58cd0e26,2026-03-25-20-05,10.7613,106.6651,2,wmo code,"Trời quang, có mây rải rác",33.5,°C,23.0,°C,36.9,°C,27.1,°C,2026-03-25T05:54,iso8601,2026-03-25T18:04,iso8601,9.3,0.0,mm,0,%,16.1,km/h,32.4,km/h,138,°,2026-03-25,iso8601
309416b616752c1e32c69af3a4c8917d,2026-03-25-20-05,10.7924,106.6418,2,wmo code,"Trời quang, có mây rải rác",33.5,°C,23.0,°C,36.9,°C,27.1,°C,2026-03-25T05:54,iso8601,2026-03-25T18:04,iso8601,9.3,0.0,mm,0,%,16.1,km/h,32.4,km/h,138,°,2026-03-25,iso8601
bbe60f9a46cf61aed393aa19886c8fe9,2026-03-25-20-05,10.8339,106.6207,2,wmo code,"Trời quang, có mây rải rác",34.4,°C,23.1,°C,38.1,°C,27.1,°C,2026-03-25T05:54,iso8601,2026-03-25T18:04,iso8601,9.3,0.0,mm,0,%,16.9,km/h,33.5,km/h,142,°,2026-03-25,iso8601
e2096e1337860826c2c5502ed5b147e3,2026-03-25-20-05,10.8226,106.7034,2,wmo code,"Trời quang, có mây rải rác",34.5,°C,23.3,°C,38.3,°C,27.3,°C,2026-03-25T05:54,iso8601,2026-03-25T18:03,iso8601,9.25,0.0,mm,0,%,16.9,km/h,33.5,km/h,142,°,2026-03-25,iso8601
a4072ff596e6d725ad0d820d46d29199,2026-03-25-20-05,10.763,106.6424,2,wmo code,"Trời quang, có mây rải rác",33.6,°C,23.1,°C,36.9,°C,27.1,°C,2026-03-25T05:54,iso8601,2026-03-25T18:04,iso8601,9.3,0.0,mm,0,%,16.1,km/h,32.4,km/h,138,°,2026-03-25,iso8601
f4ccbc6cb56968e5336eefd9f1c336a0,2026-03-25-20-05,10.788,106.6313,2,wmo code,"Trời quang, có mây rải rác",33.5,°C,23.0,°C,36.9,°C,27.1,°C,2026-03-25T05:54,iso8601,2026-03-25T18:04,iso8601,9.3,0.0,mm,0,%,16.1,km/h,32.4,km/h,138,°,2026-03-25,iso8601
ce4327b3f6072e0dbf5eb07c335a2423,2026-03-25-20-05,10.7959,106.6927,2,wmo code,"Trời quang, có mây rải rác",33.8,°C,23.6,°C,37.3,°C,27.6,°C,2026-03-25T05:54,iso8601,2026-03-25T18:03,iso8601,9.3,0.0,mm,0,%,16.9,km/h,35.3,km/h,138,°,2026-03-25,iso8601
541049ab7793d155f754a28632b82bfd,2026-03-25-20-05,10.7535,106.6316,2,wmo code,"Trời quang, có mây rải rác",33.6,°C,23.1,°C,36.9,°C,27.1,°C,2026-03-25T05:54,iso8601,2026-03-25T18:04,iso8601,9.3,0.0,mm,0,%,16.1,km/h,32.4,km/h,138,°,2026-03-25,iso8601
0cdc96395c88caf86aeaf7d006bb2c0c,2026-03-25-20-05,10.7433,106.6614,2,wmo code,"Trời quang, có mây rải rác",33.6,°C,23.1,°C,36.9,°C,27.1,°C,2026-03-25T05:54,iso8601,2026-03-25T18:04,iso8601,9.3,0.0,mm,0,%,16.1,km/h,32.4,km/h,138,°,2026-03-25,iso8601
9a8a0ab0d467f2a0b7a5ddaddc02581d,2026-03-25-20-05,10.814,106.6747,2,wmo code,"Trời quang, có mây rải rác",34.3,°C,23.1,°C,38.1,°C,27.0,°C,2026-03-25T05:54,iso8601,2026-03-25T18:04,iso8601,9.3,0.0,mm,0,%,16.9,km/h,33.5,km/h,142,°,2026-03-25,iso8601
e59398367b5e8a7e0db0c709f85a2c9d,2026-03-25-20-05,10.8014,106.6191,2,wmo code,"Trời quang, có mây rải rác",33.6,°C,23.1,°C,37.0,°C,27.1,°C,2026-03-25T05:54,iso8601,2026-03-25T18:04,iso8601,9.3,0.0,mm,0,%,16.1,km/h,32.4,km/h,138,°,2026-03-25,iso8601
791e2278ccf9bb7011c4cab854078dca,2026-03-25-20-05,10.8416,106.7466,2,wmo code,"Trời quang, có mây rải rác",34.5,°C,23.3,°C,38.3,°C,27.3,°C,2026-03-25T05:54,iso8601,2026-03-25T18:03,iso8601,9.25,0.0,mm,0,%,16.9,km/h,33.5,km/h,142,°,2026-03-25,iso8601
bcdfbeb63259abe653c415f33f8e1fb7,2026-03-25-20-05,10.7855,106.6928,2,wmo code,"Trời quang, có mây rải rác",33.8,°C,23.6,°C,37.3,°C,27.6,°C,2026-03-25T05:54,iso8601,2026-03-25T18:03,iso8601,9.3,0.0,mm,0,%,16.9,km/h,35.3,km/h,138,°,2026-03-25,iso8601
5a7e5839041549c6fb45086cda5cf4ee,2026-03-25-20-05,10.7781,106.6852,2,wmo code,"Trời quang, có mây rải rác",33.5,°C,23.0,°C,36.9,°C,27.1,°C,2026-03-25T05:54,iso8601,2026-03-25T18:04,iso8601,9.3,0.0,mm,0,%,16.1,km/h,32.4,km/h,138,°,2026-03-25,iso8601
8629283de10ddcf5f663899146bb0fab,2026-03-25-20-05,10.7547,106.6314,2,wmo code,"Trời quang, có mây rải rác",33.6,°C,23.1,°C,36.9,°C,27.1,°C,2026-03-25T05:54,iso8601,2026-03-25T18:04,iso8601,9.3,0.0,mm,0,%,16.1,km/h,32.4,km/h,138,°,2026-03-25,iso8601
a6f3b751e5eaba5dae0bd0512031d06b,2026-03-25-20-05,10.8088,106.6688,2,wmo code,"Trời quang, có mây rải rác",33.6,°C,23.1,°C,36.9,°C,27.1,°C,2026-03-25T05:54,iso8601,2026-03-25T18:04,iso8601,9.3,0.0,mm,0,%,16.1,km/h,32.4,km/h,138,°,2026-03-25,iso8601
3f79f4e2d4a12633ac5c041f5d1dc195,2026-03-25-20-05,10.7624,106.6522,2,wmo code,"Trời quang, có mây rải rác",33.6,°C,23.1,°C,36.9,°C,27.1,°C,2026-03-25T05:54,iso8601,2026-03-25T18:04,iso8601,9.3,0.0,mm,0,%,16.1,km/h,32.4,km/h,138,°,2026-03-25,iso8601
17749bd0352f4a16ca94f60978992bf4,2026-03-25-20-05,10.7691,106.6406,2,wmo code,"Trời quang, có mây rải rác",33.6,°C,23.1,°C,36.9,°C,27.1,°C,2026-03-25T05:54,iso8601,2026-03-25T18:04,iso8601,9.3,0.0,mm,0,%,16.1,km/h,32.4,km/h,138,°,2026-03-25,iso8601
461b1aea00fe2f60761d2f1902cead85,2026-03-25-20-05,10.7373,106.6144,2,wmo code,"Trời quang, có mây rải rác",33.6,°C,23.1,°C,37.0,°C,27.2,°C,2026-03-25T05:54,iso8601,2026-03-25T18:04,iso8601,9.3,0.0,mm,0,%,16.1,km/h,32.4,km/h,138,°,2026-03-25,iso8601
0011fbb6aaa8e16f8ec56fe7e1f253e0,2026-03-25-20-05,10.7045,106.8476,2,wmo code,"Trời quang, có mây rải rác",34.2,°C,23.6,°C,38.0,°C,27.7,°C,2026-03-25T05:53,iso8601,2026-03-25T18:03,iso8601,9.25,0.0,mm,0,%,17.3,km/h,36.0,km/h,138,°,2026-03-25,iso8601
745c19b541bdadd331a6485c6e92a834,2026-03-25-20-05,10.8193,106.6901,2,wmo code,"Trời quang, có mây rải rác",34.4,°C,23.2,°C,38.2,°C,27.1,°C,2026-03-25T05:54,iso8601,2026-03-25T18:03,iso8601,9.3,0.0,mm,0,%,16.9,km/h,33.5,km/h,142,°,2026-03-25,iso8601
2af34f0361bde9c96846a777b2d42b51,2026-03-25-20-05,10.7723,106.6496,2,wmo code,"Trời quang, có mây rải rác",33.6,°C,23.1,°C,36.9,°C,27.1,°C,2026-03-25T05:54,iso8601,2026-03-25T18:04,iso8601,9.3,0.0,mm,0,%,16.1,km/h,32.4,km/h,138,°,2026-03-25,iso8601
eb7db68e1472770b808a2181c54828b9,2026-03-25-20-05,10.7385,106.6149,2,wmo code,"Trời quang, có mây rải rác",33.6,°C,23.1,°C,36.9,°C,27.1,°C,2026-03-25T05:54,iso8601,2026-03-25T18:04,iso8601,9.3,0.0,mm,0,%,16.1,km/h,32.4,km/h,138,°,2026-03-25,iso8601
42207b521df1859c147c0601fb423ed8,2026-03-25-20-05,10.7792,106.7001,2,wmo code,"Trời quang, có mây rải rác",33.8,°C,23.6,°C,37.3,°C,27.6,°C,2026-03-25T05:54,iso8601,2026-03-25T18:03,iso8601,9.25,0.0,mm,0,%,16.9,km/h,35.3,km/h,138,°,2026-03-25,iso8601
2c60bbdef24cce8102b3c8e25ffb97e4,2026-03-25-20-05,10.7903,106.8268,2,wmo code,"Trời quang, có mây rải rác",34.3,°C,23.7,°C,38.1,°C,27.8,°C,2026-03-25T05:53,iso8601,2026-03-25T18:03,iso8601,9.25,0.0,mm,0,%,17.3,km/h,36.0,km/h,138,°,2026-03-25,iso8601
92e19a071fbcba571548cd78247e6b2a,2026-03-25-20-05,10.814,106.757,2,wmo code,"Trời quang, có mây rải rác",34.5,°C,23.3,°C,38.3,°C,27.3,°C,2026-03-25T05:54,iso8601,2026-03-25T18:03,iso8601,9.25,0.0,mm,0,%,16.9,km/h,33.5,km/h,142,°,2026-03-25,iso8601
dc3818d87383c460ac88e73daec72fbe,2026-03-25-20-05,10.7545,106.6401,2,wmo code,"Trời quang, có mây rải rác",33.6,°C,23.1,°C,36.9,°C,27.1,°C,2026-03-25T05:54,iso8601,2026-03-25T18:04,iso8601,9.3,0.0,mm,0,%,16.1,km/h,32.4,km/h,138,°,2026-03-25,iso8601
251fd401a7019af05b00a105df374d97,2026-03-25-20-05,10.7712,106.646,2,wmo code,"Trời quang, có mây rải rác",33.5,°C,23.0,°C,36.9,°C,27.1,°C,2026-03-25T05:54,iso8601,2026-03-25T18:04,iso8601,9.3,0.0,mm,0,%,16.1,km/h,32.4,km/h,138,°,2026-03-25,iso8601
a828dad6ef44da85028cdabab924f10c,2026-03-25-20-05,10.7821,106.6989,2,wmo code,"Trời quang, có mây rải rác",33.8,°C,23.6,°C,37.3,°C,27.6,°C,2026-03-25T05:54,iso8601,2026-03-25T18:03,iso8601,9.3,0.0,mm,0,%,16.9,km/h,35.3,km/h,138,°,2026-03-25,iso8601
bc868c424a36b3e6e0036f0b57031736,2026-03-25-20-05,10.8013,106.7109,2,wmo code,"Trời quang, có mây rải rác",33.9,°C,23.6,°C,37.4,°C,27.7,°C,2026-03-25T05:54,iso8601,2026-03-25T18:03,iso8601,9.25,0.0,mm,0,%,16.9,km/h,35.3,km/h,138,°,2026-03-25,iso8601
b27d420fb851a52c8488abd8cc1361e9,2026-03-25-20-05,10.7876,106.6783,2,wmo code,"Trời quang, có mây rải rác",33.5,°C,23.0,°C,36.9,°C,27.1,°C,2026-03-25T05:54,iso8601,2026-03-25T18:04,iso8601,9.3,0.0,mm,0,%,16.1,km/h,32.4,km/h,138,°,2026-03-25,iso8601
e14650c64d83c7e91d7b8b66816e9b22,2026-03-25-20-05,10.8656,106.7486,2,wmo code,"Trời quang, có mây rải rác",34.4,°C,23.1,°C,38.2,°C,27.1,°C,2026-03-25T05:54,iso8601,2026-03-25T18:03,iso8601,9.25,0.0,mm,0,%,16.9,km/h,33.5,km/h,142,°,2026-03-25,iso8601
52b178c7b399b7c542dfef7654a82b37,2026-03-25-20-05,10.7506,106.6592,2,wmo code,"Trời quang, có mây rải rác",33.6,°C,23.1,°C,36.9,°C,27.1,°C,2026-03-25T05:54,iso8601,2026-03-25T18:04,iso8601,9.3,0.0,mm,0,%,16.1,km/h,32.4,km/h,138,°,2026-03-25,iso8601
46d0c6441317268ba24a8d4e830d1d5c,2026-03-25-20-05,10.7932,106.7533,2,wmo code,"Trời quang, có mây rải rác",33.9,°C,23.6,°C,37.4,°C,27.7,°C,2026-03-25T05:54,iso8601,2026-03-25T18:03,iso8601,9.25,0.0,mm,0,%,16.9,km/h,35.3,km/h,138,°,2026-03-25,iso8601
8c39031fcfb5e60e3c246f21fe38154a,2026-03-25-20-05,10.7556,106.6743,2,wmo code,"Trời quang, có mây rải rác",33.5,°C,23.0,°C,36.9,°C,27.1,°C,2026-03-25T05:54,iso8601,2026-03-25T18:04,iso8601,9.3,0.0,mm,0,%,16.1,km/h,32.4,km/h,138,°,2026-03-25,iso8601
41760c86bd4b594a2d81c88e5a6af88a,2026-03-25-20-05,10.7929,106.8117,2,wmo code,"Trời quang, có mây rải rác",33.9,°C,23.6,°C,37.4,°C,27.7,°C,2026-03-25T05:54,iso8601,2026-03-25T18:03,iso8601,9.25,0.0,mm,0,%,16.9,km/h,35.3,km/h,138,°,2026-03-25,iso8601
71bd2c75bf9049e44b14c5bd0dca7e4f,2026-03-25-20-05,10.7741,106.6684,2,wmo code,"Trời quang, có mây rải rác",33.5,°C,23.0,°C,36.9,°C,27.1,°C,2026-03-25T05:54,iso8601,2026-03-25T18:04,iso8601,9.3,0.0,mm,0,%,16.1,km/h,32.4,km/h,138,°,2026-03-25,iso8601
c9e93cbf8c75b64a0675bd2fc62a5449,2026-03-25-20-05,10.8004,106.7165,2,wmo code,"Trời quang, có mây rải rác",33.9,°C,23.6,°C,37.4,°C,27.7,°C,2026-03-25T05:54,iso8601,2026-03-25T18:03,iso8601,9.25,0.0,mm,0,%,16.9,km/h,35.3,km/h,138,°,2026-03-25,iso8601
018afdc8dfe6405f1dceb1f30f73325d,2026-03-25-20-05,10.7564,106.6762,2,wmo code,"Trời quang, có mây rải rác",33.5,°C,23.0,°C,36.9,°C,27.1,°C,2026-03-25T05:54,iso8601,2026-03-25T18:04,iso8601,9.3,0.0,mm,0,%,16.1,km/h,32.4,km/h,138,°,2026-03-25,iso8601
e99983bb87cba148ff3645de7da54618,2026-03-25-20-05,10.7699,106.7752,2,wmo code,"Trời quang, có mây rải rác",33.9,°C,23.6,°C,37.4,°C,27.7,°C,2026-03-25T05:54,iso8601,2026-03-25T18:03,iso8601,9.25,0.0,mm,0,%,16.9,km/h,35.3,km/h,138,°,2026-03-25,iso8601
109cf033e8c4c3ef6213cbb544d89d95,2026-03-25-20-05,10.8104,106.6202,2,wmo code,"Trời quang, có mây rải rác",33.6,°C,23.1,°C,36.9,°C,27.1,°C,2026-03-25T05:54,iso8601,2026-03-25T18:04,iso8601,9.3,0.0,mm,0,%,16.1,km/h,32.4,km/h,138,°,2026-03-25,iso8601
a753b1bdb2fdfddde889ea1af3400b15,2026-03-25-20-05,10.8846,106.6813,2,wmo code,"Trời quang, có mây rải rác",34.4,°C,23.2,°C,38.2,°C,27.1,°C,2026-03-25T05:54,iso8601,2026-03-25T18:04,iso8601,9.3,0.0,mm,0,%,16.9,km/h,33.5,km/h,142,°,2026-03-25,iso8601
2bce33fda4082d0b8462f80a91918a80,2026-03-25-20-05,10.8431,106.642,2,wmo code,"Trời quang, có mây rải rác",34.4,°C,23.1,°C,38.2,°C,27.1,°C,2026-03-25T05:54,iso8601,2026-03-25T18:04,iso8601,9.3,0.0,mm,0,%,16.9,km/h,33.5,km/h,142,°,2026-03-25,iso8601
ee3a62132d60650c698f951d336fd4f7,2026-03-25-20-05,10.7743,106.6477,2,wmo code,"Trời quang, có mây rải rác",33.5,°C,23.0,°C,36.9,°C,27.1,°C,2026-03-25T05:54,iso8601,2026-03-25T18:04,iso8601,9.3,0.0,mm,0,%,16.1,km/h,32.4,km/h,138,°,2026-03-25,iso8601
98439f98391e313ef8c24e496830334f,2026-03-25-20-05,10.7989,106.7192,2,wmo code,"Trời quang, có mây rải rác",33.9,°C,23.6,°C,37.4,°C,27.7,°C,2026-03-25T05:54,iso8601,2026-03-25T18:03,iso8601,9.25,0.0,mm,0,%,16.9,km/h,35.3,km/h,138,°,2026-03-25,iso8601
fa5588536cb07e17c55f04f99607236c,2026-03-25-20-05,10.778,106.671,2,wmo code,"Trời quang, có mây rải rác",33.6,°C,23.1,°C,36.9,°C,27.1,°C,2026-03-25T05:54,iso8601,2026-03-25T18:04,iso8601,9.3,0.0,mm,0,%,16.1,km/h,32.4,km/h,138,°,2026-03-25,iso8601
d616738bc5a306551c061325b843cddb,2026-03-25-20-05,10.7657,106.6819,2,wmo code,"Trời quang, có mây rải rác",33.6,°C,23.1,°C,36.9,°C,27.1,°C,2026-03-25T05:54,iso8601,2026-03-25T18:04,iso8601,9.3,0.0,mm,0,%,16.1,km/h,32.4,km/h,138,°,2026-03-25,iso8601
cfdfe5236258e46748f0b5bd4c361605,2026-03-25-20-05,10.835,106.6635,2,wmo code,"Trời quang, có mây rải rác",34.4,°C,23.1,°C,38.1,°C,27.0,°C,2026-03-25T05:54,iso8601,2026-03-25T18:04,iso8601,9.3,0.0,mm,0,%,16.9,km/h,33.5,km/h,142,°,2026-03-25,iso8601
05679f6366bc9176fb5f49648782371b,2026-03-25-20-05,10.8113,106.696,2,wmo code,"Trời quang, có mây rải rác",33.8,°C,23.6,°C,37.3,°C,27.6,°C,2026-03-25T05:54,iso8601,2026-03-25T18:03,iso8601,9.3,0.0,mm,0,%,16.9,km/h,35.3,km/h,138,°,2026-03-25,iso8601
54ae9072ba7a089aa63f221944f17678,2026-03-25-20-05,10.8182,106.6985,2,wmo code,"Trời quang, có mây rải rác",34.5,°C,23.3,°C,38.3,°C,27.2,°C,2026-03-25T05:54,iso8601,2026-03-25T18:03,iso8601,9.3,0.0,mm,0,%,16.9,km/h,33.5,km/h,142,°,2026-03-25,iso8601
f661d7fe234a818fcb8118593f40f036,2026-03-25-20-05,10.7495,106.5938,2,wmo code,"Trời quang, có mây rải rác",33.6,°C,23.1,°C,37.0,°C,27.2,°C,2026-03-25T05:54,iso8601,2026-03-25T18:04,iso8601,9.3,0.0,mm,0,%,16.1,km/h,32.4,km/h,138,°,2026-03-25,iso8601
893618cdc30588cd162a4c2b1133b71f,2026-03-25-20-05,10.7994,106.7335,2,wmo code,"Trời quang, có mây rải rác",33.9,°C,23.6,°C,37.4,°C,27.7,°C,2026-03-25T05:54,iso8601,2026-03-25T18:03,iso8601,9.25,0.0,mm,0,%,16.9,km/h,35.3,km/h,138,°,2026-03-25,iso8601
b4bf24f08221cf29789dd8670dd2c61a,2026-03-25-20-05,10.8633,106.7966,2,wmo code,"Trời quang, có mây rải rác",34.4,°C,23.2,°C,38.2,°C,27.1,°C,2026-03-25T05:54,iso8601,2026-03-25T18:03,iso8601,9.25,0.0,mm,0,%,16.9,km/h,33.5,km/h,142,°,2026-03-25,iso8601
92a17ad1350b0cfcec303e7ff62e9253,2026-03-25-20-05,10.7599,106.6687,2,wmo code,"Trời quang, có mây rải rác",33.5,°C,23.0,°C,36.9,°C,27.0,°C,2026-03-25T05:54,iso8601,2026-03-25T18:04,iso8601,9.3,0.0,mm,0,%,16.1,km/h,32.4,km/h,138,°,2026-03-25,iso8601
81f76bbbcd1147a3e9f2e52b5b9c05eb,2026-03-25-20-05,10.6818,106.5407,2,wmo code,"Trời quang, có mây rải rác",33.0,°C,23.0,°C,36.4,°C,27.1,°C,2026-03-25T05:55,iso8601,2026-03-25T18:04,iso8601,9.3,0.0,mm,0,%,14.3,km/h,30.2,km/h,132,°,2026-03-25,iso8601
413e109f5978d8f37bd40bd818e0401a,2026-03-25-20-05,10.7815,106.6881,2,wmo code,"Trời quang, có mây rải rác",33.8,°C,23.6,°C,37.4,°C,27.6,°C,2026-03-25T05:54,iso8601,2026-03-25T18:03,iso8601,9.3,0.0,mm,0,%,16.9,km/h,35.3,km/h,138,°,2026-03-25,iso8601
01324f6a9fa1d0fce5535efbfc86560f,2026-03-25-20-05,10.7761,106.647,2,wmo code,"Trời quang, có mây rải rác",33.5,°C,23.0,°C,36.9,°C,27.1,°C,2026-03-25T05:54,iso8601,2026-03-25T18:04,iso8601,9.3,0.0,mm,0,%,16.1,km/h,32.4,km/h,138,°,2026-03-25,iso8601
48c4ed4b2189f7ffec64d2c3ba5e0fd7,2026-03-25-20-05,10.7983,106.7308,2,wmo code,"Trời quang, có mây rải rác",33.8,°C,23.6,°C,37.4,°C,27.6,°C,2026-03-25T05:54,iso8601,2026-03-25T18:03,iso8601,9.25,0.0,mm,0,%,16.9,km/h,35.3,km/h,138,°,2026-03-25,iso8601
86734732c7cdeead4dd6fbe6653de95d,2026-03-25-20-05,10.8295,106.6235,2,wmo code,"Trời quang, có mây rải rác",34.4,°C,23.2,°C,38.2,°C,27.1,°C,2026-03-25T05:54,iso8601,2026-03-25T18:04,iso8601,9.3,0.0,mm,0,%,16.9,km/h,33.5,km/h,142,°,2026-03-25,iso8601
c89147228d920f596f87b65b4493588f,2026-03-25-20-05,10.7298,106.7295,2,wmo code,"Trời quang, có mây rải rác",33.9,°C,23.6,°C,37.4,°C,27.7,°C,2026-03-25T05:54,iso8601,2026-03-25T18:03,iso8601,9.25,0.0,mm,0,%,16.9,km/h,35.3,km/h,138,°,2026-03-25,iso8601
4ff1c86146a8f15a787642fe50ee30d5,2026-03-25-20-05,10.8021,106.7438,2,wmo code,"Trời quang, có mây rải rác",33.9,°C,23.6,°C,37.4,°C,27.7,°C,2026-03-25T05:54,iso8601,2026-03-25T18:03,iso8601,9.25,0.0,mm,0,%,16.9,km/h,35.3,km/h,138,°,2026-03-25,iso8601
4ad810afdb555ee60885a988876ec408,2026-03-25-20-05,10.803,106.6984,2,wmo code,"Trời quang, có mây rải rác",33.8,°C,23.6,°C,37.4,°C,27.6,°C,2026-03-25T05:54,iso8601,2026-03-25T18:03,iso8601,9.3,0.0,mm,0,%,16.9,km/h,35.3,km/h,138,°,2026-03-25,iso8601
e6c235ab937f2d2476eb461312d549ac,2026-03-25-20-05,10.8618,106.6587,2,wmo code,"Trời quang, có mây rải rác",34.4,°C,23.2,°C,38.2,°C,27.1,°C,2026-03-25T05:54,iso8601,2026-03-25T18:04,iso8601,9.3,0.0,mm,0,%,16.9,km/h,33.5,km/h,142,°,2026-03-25,iso8601
753deb00a601ebe86e4702c06bdd0ab0,2026-03-25-20-05,10.7133,106.7312,2,wmo code,"Trời quang, có mây rải rác",33.9,°C,23.6,°C,37.4,°C,27.7,°C,2026-03-25T05:54,iso8601,2026-03-25T18:03,iso8601,9.25,0.0,mm,0,%,16.9,km/h,35.3,km/h,138,°,2026-03-25,iso8601
63912295e9183a9f8c702bb66225df24,2026-03-25-20-05,10.832,106.6745,2,wmo code,"Trời quang, có mây rải rác",34.4,°C,23.1,°C,38.1,°C,27.0,°C,2026-03-25T05:54,iso8601,2026-03-25T18:04,iso8601,9.3,0.0,mm,0,%,16.9,km/h,33.5,km/h,142,°,2026-03-25,iso8601
db585c3051dd77e3cd88da25f7d29703,2026-03-25-20-05,10.7634,106.7038,2,wmo code,"Trời quang, có mây rải rác",33.9,°C,23.6,°C,37.4,°C,27.7,°C,2026-03-25T05:54,iso8601,2026-03-25T18:03,iso8601,9.25,0.0,mm,0,%,16.9,km/h,35.3,km/h,138,°,2026-03-25,iso8601
79037020ed90451ae530934b3fea8415,2026-03-25-20-05,10.7791,106.6499,2,wmo code,"Trời quang, có mây rải rác",33.5,°C,23.0,°C,36.9,°C,27.1,°C,2026-03-25T05:54,iso8601,2026-03-25T18:04,iso8601,9.3,0.0,mm,0,%,16.1,km/h,32.4,km/h,138,°,2026-03-25,iso8601
33659cfa335ae26ebb27ec2d943d073d,2026-03-25-20-05,10.7985,106.6707,2,wmo code,"Trời quang, có mây rải rác",33.5,°C,23.0,°C,36.9,°C,27.1,°C,2026-03-25T05:54,iso8601,2026-03-25T18:04,iso8601,9.3,0.0,mm,0,%,16.1,km/h,32.4,km/h,138,°,2026-03-25,iso8601
63912295e9183a9f8c702bb66225df24,2026-03-25-20-05,10.827,106.6886,2,wmo code,"Trời quang, có mây rải rác",34.5,°C,23.2,°C,38.2,°C,27.2,°C,2026-03-25T05:54,iso8601,2026-03-25T18:03,iso8601,9.3,0.0,mm,0,%,16.9,km/h,33.5,km/h,142,°,2026-03-25,iso8601
6470374b64563b292d6d81869518d2b7,2026-03-25-20-05,10.8704,106.5967,2,wmo code,"Trời quang, có mây rải rác",34.4,°C,23.1,°C,38.1,°C,27.1,°C,2026-03-25T05:54,iso8601,2026-03-25T18:04,iso8601,9.3,0.0,mm,0,%,16.9,km/h,33.5,km/h,142,°,2026-03-25,iso8601
bb259e616f06ef8c507c6b087dadc63e,2026-03-25-20-05,10.7919,106.6999,2,wmo code,"Trời quang, có mây rải rác",33.9,°C,23.6,°C,37.4,°C,27.7,°C,2026-03-25T05:54,iso8601,2026-03-25T18:03,iso8601,9.25,0.0,mm,0,%,16.9,km/h,35.3,km/h,138,°,2026-03-25,iso8601
966e74ba8bac07af8b625e406f86ea8b,2026-03-25-20-05,10.8503,106.6308,2,wmo code,"Trời quang, có mây rải rác",34.4,°C,23.1,°C,38.2,°C,27.1,°C,2026-03-25T05:54,iso8601,2026-03-25T18:04,iso8601,9.3,0.0,mm,0,%,16.9,km/h,33.5,km/h,142,°,2026-03-25,iso8601
9e2c177dde6701fed959959cff55fd8e,2026-03-25-20-05,10.7748,106.6578,2,wmo code,"Trời quang, có mây rải rác",33.6,°C,23.1,°C,36.9,°C,27.1,°C,2026-03-25T05:54,iso8601,2026-03-25T18:04,iso8601,9.3,0.0,mm,0,%,16.1,km/h,32.4,km/h,138,°,2026-03-25,iso8601
095ad12d2a69e3d431676f5d00db8a29,2026-03-25-20-05,10.7648,106.75,2,wmo code,"Trời quang, có mây rải rác",33.9,°C,23.6,°C,37.4,°C,27.7,°C,2026-03-25T05:54,iso8601,2026-03-25T18:03,iso8601,9.25,0.0,mm,0,%,16.9,km/h,35.3,km/h,138,°,2026-03-25,iso8601
c2794fb970057d4089f07e2ba4f432cc,2026-03-25-20-05,10.7859,106.6815,2,wmo code,"Trời quang, có mây rải rác",33.6,°C,23.1,°C,36.9,°C,27.1,°C,2026-03-25T05:54,iso8601,2026-03-25T18:04,iso8601,9.3,0.0,mm,0,%,16.1,km/h,32.4,km/h,138,°,2026-03-25,iso8601
9466c59bdc04c79d545fe919b56a8142,2026-03-25-20-05,10.8669,106.5977,2,wmo code,"Trời quang, có mây rải rác",34.4,°C,23.1,°C,38.1,°C,27.1,°C,2026-03-25T05:54,iso8601,2026-03-25T18:04,iso8601,9.3,0.0,mm,0,%,16.9,km/h,33.5,km/h,142,°,2026-03-25,iso8601
d1a299017f3767c5c0ce6f5ededa0f9d,2026-03-25-20-05,10.7981,106.6699,2,wmo code,"Trời quang, có mây rải rác",33.5,°C,23.0,°C,36.9,°C,27.1,°C,2026-03-25T05:54,iso8601,2026-03-25T18:04,iso8601,9.3,0.0,mm,0,%,16.1,km/h,32.4,km/h,138,°,2026-03-25,iso8601
2cbbb6b3a0228834f79263bf3e857124,2026-03-25-20-05,10.7633,106.6746,2,wmo code,"Trời quang, có mây rải rác",33.6,°C,23.1,°C,36.9,°C,27.1,°C,2026-03-25T05:54,iso8601,2026-03-25T18:04,iso8601,9.3,0.0,mm,0,%,16.1,km/h,32.4,km/h,138,°,2026-03-25,iso8601
2db3c07cc93b9ea59e7913ba397c756b,2026-03-25-20-05,10.8594,106.7904,2,wmo code,"Trời quang, có mây rải rác",34.5,°C,23.2,°C,38.2,°C,27.2,°C,2026-03-25T05:54,iso8601,2026-03-25T18:03,iso8601,9.25,0.0,mm,0,%,16.9,km/h,33.5,km/h,142,°,2026-03-25,iso8601
f2c0d4bbdbacabe475e4ee39adfc39cc,2026-03-25-20-05,10.7643,106.6908,2,wmo code,"Trời quang, có mây rải rác",33.9,°C,23.6,°C,37.4,°C,27.7,°C,2026-03-25T05:54,iso8601,2026-03-25T18:03,iso8601,9.3,0.0,mm,0,%,16.9,km/h,35.3,km/h,138,°,2026-03-25,iso8601
6470374b64563b292d6d81869518d2b7,2026-03-25-20-05,10.8774,106.5917,2,wmo code,"Trời quang, có mây rải rác",34.4,°C,23.2,°C,38.2,°C,27.1,°C,2026-03-25T05:54,iso8601,2026-03-25T18:04,iso8601,9.3,0.0,mm,0,%,16.9,km/h,33.5,km/h,142,°,2026-03-25,iso8601
9a8a0ab0d467f2a0b7a5ddaddc02581d,2026-03-25-20-05,10.8134,106.6653,2,wmo code,"Trời quang, có mây rải rác",34.4,°C,23.1,°C,38.2,°C,27.1,°C,2026-03-25T05:54,iso8601,2026-03-25T18:04,iso8601,9.3,0.0,mm,0,%,16.9,km/h,33.5,km/h,142,°,2026-03-25,iso8601
94fe46fdbc64e22f478f143047a9d30b,2026-03-25-20-05,10.7415,106.71,2,wmo code,"Trời quang, có mây rải rác",33.9,°C,23.6,°C,37.4,°C,27.7,°C,2026-03-25T05:54,iso8601,2026-03-25T18:03,iso8601,9.25,0.0,mm,0,%,16.9,km/h,35.3,km/h,138,°,2026-03-25,iso8601
5c0ee164d2f247a7660b2fa34ac8345b,2026-03-25-20-05,10.7782,106.6617,2,wmo code,"Trời quang, có mây rải rác",33.6,°C,23.1,°C,36.9,°C,27.1,°C,2026-03-25T05:54,iso8601,2026-03-25T18:04,iso8601,9.3,0.0,mm,0,%,16.1,km/h,32.4,km/h,138,°,2026-03-25,iso8601
dbfcdececbdb5cc1cb6b4cde2cc7c4a5,2026-03-25-20-05,10.8155,106.6246,2,wmo code,"Trời quang, có mây rải rác",34.4,°C,23.2,°C,38.2,°C,27.1,°C,2026-03-25T05:54,iso8601,2026-03-25T18:04,iso8601,9.3,0.0,mm,0,%,16.9,km/h,33.5,km/h,142,°,2026-03-25,iso8601
67ce4fc8fe85edd1dedf7c6c4fcd52bd,2026-03-25-20-05,10.7669,106.6422,2,wmo code,"Trời quang, có mây rải rác",33.6,°C,23.1,°C,36.9,°C,27.1,°C,2026-03-25T05:54,iso8601,2026-03-25T18:04,iso8601,9.3,0.0,mm,0,%,16.1,km/h,32.4,km/h,138,°,2026-03-25,iso8601
115016d4642e2c221204dff826979d47,2026-03-25-20-05,10.8045,106.6776,2,wmo code,"Trời quang, có mây rải rác",33.5,°C,23.0,°C,36.9,°C,27.0,°C,2026-03-25T05:54,iso8601,2026-03-25T18:04,iso8601,9.3,0.0,mm,0,%,16.1,km/h,32.4,km/h,138,°,2026-03-25,iso8601
19159488838aabb5e7b22630b92d0b76,2026-03-25-20-05,10.7406,106.6999,2,wmo code,"Trời quang, có mây rải rác",33.9,°C,23.6,°C,37.4,°C,27.7,°C,2026-03-25T05:54,iso8601,2026-03-25T18:03,iso8601,9.25,0.0,mm,0,%,16.9,km/h,35.3,km/h,138,°,2026-03-25,iso8601
98c9357b3e508c6dca3ff35cc3c350f2,2026-03-25-20-05,10.7779,106.7011,2,wmo code,"Trời quang, có mây rải rác",33.8,°C,23.6,°C,37.3,°C,27.6,°C,2026-03-25T05:54,iso8601,2026-03-25T18:03,iso8601,9.25,0.0,mm,0,%,16.9,km/h,35.3,km/h,138,°,2026-03-25,iso8601
bd9be7bc6890594c19dea0d8b64f71e6,2026-03-25-20-05,10.7754,106.6583,2,wmo code,"Trời quang, có mây rải rác",33.5,°C,23.0,°C,36.9,°C,27.1,°C,2026-03-25T05:54,iso8601,2026-03-25T18:04,iso8601,9.3,0.0,mm,0,%,16.1,km/h,32.4,km/h,138,°,2026-03-25,iso8601
31edc4737b466279924d2c321b641745,2026-03-25-20-05,10.737,106.6402,2,wmo code,"Trời quang, có mây rải rác",33.6,°C,23.1,°C,37.0,°C,27.2,°C,2026-03-25T05:54,iso8601,2026-03-25T18:04,iso8601,9.3,0.0,mm,0,%,16.1,km/h,32.4,km/h,138,°,2026-03-25,iso8601
b28e73faf97bb111111ad345d3f83c3f,2026-03-25-20-05,10.7506,106.6591,2,wmo code,"Trời quang, có mây rải rác",33.5,°C,23.0,°C,36.9,°C,27.1,°C,2026-03-25T05:54,iso8601,2026-03-25T18:04,iso8601,9.3,0.0,mm,0,%,16.1,km/h,32.4,km/h,138,°,2026-03-25,iso8601
905ee1f521b04a6705f932f24ac21d6a,2026-03-25-20-05,10.8631,106.6108,2,wmo code,"Trời quang, có mây rải rác",34.4,°C,23.1,°C,38.1,°C,27.0,°C,2026-03-25T05:54,iso8601,2026-03-25T18:04,iso8601,9.3,0.0,mm,0,%,16.9,km/h,33.5,km/h,142,°,2026-03-25,iso8601
75582636d5681a2d84e6e69f21705c17,2026-03-25-20-05,10.8489,106.8012,2,wmo code,"Trời quang, có mây rải rác",34.5,°C,23.3,°C,38.3,°C,27.3,°C,2026-03-25T05:54,iso8601,2026-03-25T18:03,iso8601,9.25,0.0,mm,0,%,16.9,km/h,33.5,km/h,142,°,2026-03-25,iso8601
d14f5f1a585e1694c189cd393f16b37a,2026-03-25-20-05,10.832,106.7256,2,wmo code,"Trời quang, có mây rải rác",34.5,°C,23.3,°C,38.3,°C,27.3,°C,2026-03-25T05:54,iso8601,2026-03-25T18:03,iso8601,9.25,0.0,mm,0,%,16.9,km/h,33.5,km/h,142,°,2026-03-25,iso8601
5b019332e6114b8ae49c3362815db79b,2026-03-25-20-05,10.7797,106.6445,2,wmo code,"Trời quang, có mây rải rác",33.5,°C,23.0,°C,36.9,°C,27.1,°C,2026-03-25T05:54,iso8601,2026-03-25T18:04,iso8601,9.3,0.0,mm,0,%,16.1,km/h,32.4,km/h,138,°,2026-03-25,iso8601
8db65086fcbc9345d7d228ea61c76550,2026-03-25-20-05,10.7862,106.863,2,wmo code,"Trời quang, có mây rải rác",34.3,°C,23.8,°C,38.1,°C,27.9,°C,2026-03-25T05:53,iso8601,2026-03-25T18:03,iso8601,9.25,0.0,mm,0,%,17.3,km/h,36.0,km/h,138,°,2026-03-25,iso8601
9e205e5e69a296f06e99f9c9ff8f78fe,2026-03-25-20-05,10.7047,106.8354,2,wmo code,"Trời quang, có mây rải rác",34.2,°C,23.7,°C,38.0,°C,27.7,°C,2026-03-25T05:53,iso8601,2026-03-25T18:03,iso8601,9.25,0.0,mm,0,%,17.3,km/h,36.0,km/h,138,°,2026-03-25,iso8601
1546bffddbe259fb943c0c70473a4f91,2026-03-25-20-05,10.6855,106.5541,2,wmo code,"Trời quang, có mây rải rác",33.0,°C,23.0,°C,36.4,°C,27.1,°C,2026-03-25T05:55,iso8601,2026-03-25T18:04,iso8601,9.3,0.0,mm,0,%,14.3,km/h,30.2,km/h,132,°,2026-03-25,iso8601
6ab60321f847c51e9299df7419d6dc51,2026-03-25-20-05,10.7945,106.6525,2,wmo code,"Trời quang, có mây rải rác",33.5,°C,23.0,°C,36.9,°C,27.1,°C,2026-03-25T05:54,iso8601,2026-03-25T18:04,iso8601,9.3,0.0,mm,0,%,16.1,km/h,32.4,km/h,138,°,2026-03-25,iso8601
ae51341c1c21607102d98f38b5446a32,2026-03-25-20-05,10.8609,106.6696,2,wmo code,"Trời quang, có mây rải rác",34.4,°C,23.2,°C,38.2,°C,27.1,°C,2026-03-25T05:54,iso8601,2026-03-25T18:04,iso8601,9.3,0.0,mm,0,%,16.9,km/h,33.5,km/h,142,°,2026-03-25,iso8601
4500eb560fbde7f2b33f070ca8bfadb4,2026-03-25-20-05,10.7717,106.6528,2,wmo code,"Trời quang, có mây rải rác",33.5,°C,23.0,°C,36.9,°C,27.1,°C,2026-03-25T05:54,iso8601,2026-03-25T18:04,iso8601,9.3,0.0,mm,0,%,16.1,km/h,32.4,km/h,138,°,2026-03-25,iso8601
ea14fc6b6273dcb810b2b2df002c6e95,2026-03-25-20-05,10.7753,106.6864,2,wmo code,"Trời quang, có mây rải rác",33.5,°C,23.0,°C,36.9,°C,27.1,°C,2026-03-25T05:54,iso8601,2026-03-25T18:04,iso8601,9.3,0.0,mm,0,%,16.1,km/h,32.4,km/h,138,°,2026-03-25,iso8601
a4c90c784cfbf59a11a71a9a246039ef,2026-03-25-20-05,10.8745,106.6291,2,wmo code,"Trời quang, có mây rải rác",34.4,°C,23.1,°C,38.2,°C,27.1,°C,2026-03-25T05:54,iso8601,2026-03-25T18:04,iso8601,9.3,0.0,mm,0,%,16.9,km/h,33.5,km/h,142,°,2026-03-25,iso8601
c0df7ab6395377be90f3f3e34633d252,2026-03-25-20-05,10.7134,106.7313,2,wmo code,"Trời quang, có mây rải rác",33.9,°C,23.6,°C,37.4,°C,27.7,°C,2026-03-25T05:54,iso8601,2026-03-25T18:03,iso8601,9.25,0.0,mm,0,%,16.9,km/h,35.3,km/h,138,°,2026-03-25,iso8601
c826b42694022219b7f6b340639c0d06,2026-03-25-20-05,10.7294,106.7181,2,wmo code,"Trời quang, có mây rải rác",33.9,°C,23.6,°C,37.4,°C,27.7,°C,2026-03-25T05:54,iso8601,2026-03-25T18:03,iso8601,9.25,0.0,mm,0,%,16.9,km/h,35.3,km/h,138,°,2026-03-25,iso8601
ac1c4efbeecd268d1562a4cfe1d97564,2026-03-25-20-05,10.7692,106.67,2,wmo code,"Trời quang, có mây rải rác",33.5,°C,23.0,°C,36.9,°C,27.1,°C,2026-03-25T05:54,iso8601,2026-03-25T18:04,iso8601,9.3,0.0,mm,0,%,16.1,km/h,32.4,km/h,138,°,2026-03-25,iso8601
1c221f6e40451be98217be4aea879576,2026-03-25-20-05,10.8599,106.6039,2,wmo code,"Trời quang, có mây rải rác",34.4,°C,23.1,°C,38.1,°C,27.1,°C,2026-03-25T05:54,iso8601,2026-03-25T18:04,iso8601,9.3,0.0,mm,0,%,16.9,km/h,33.5,km/h,142,°,2026-03-25,iso8601
d71dd5fac508e54d226b3a5e3a350cea,2026-03-25-20-05,10.7668,106.6656,2,wmo code,"Trời quang, có mây rải rác",33.5,°C,23.0,°C,36.9,°C,27.1,°C,2026-03-25T05:54,iso8601,2026-03-25T18:04,iso8601,9.3,0.0,mm,0,%,16.1,km/h,32.4,km/h,138,°,2026-03-25,iso8601
92f1cb670876b54073fe61492ce5ff52,2026-03-25-20-05,10.8069,106.7548,2,wmo code,"Trời quang, có mây rải rác",33.9,°C,23.6,°C,37.4,°C,27.7,°C,2026-03-25T05:54,iso8601,2026-03-25T18:03,iso8601,9.25,0.0,mm,0,%,16.9,km/h,35.3,km/h,138,°,2026-03-25,iso8601
51717c26bcfe2b2fa0c1ca30b5a7b48d,2026-03-25-20-05,10.8196,106.6903,2,wmo code,"Trời quang, có mây rải rác",34.4,°C,23.2,°C,38.2,°C,27.1,°C,2026-03-25T05:54,iso8601,2026-03-25T18:03,iso8601,9.3,0.0,mm,0,%,16.9,km/h,33.5,km/h,142,°,2026-03-25,iso8601
b6056a4c965d02ed826c40fee5c9a427,2026-03-25-20-05,10.834,106.7284,2,wmo code,"Trời quang, có mây rải rác",34.5,°C,23.3,°C,38.3,°C,27.3,°C,2026-03-25T05:54,iso8601,2026-03-25T18:03,iso8601,9.25,0.0,mm,0,%,16.9,km/h,33.5,km/h,142,°,2026-03-25,iso8601
1a19e3c1482ed6ff74d99c361f5ff8e9,2026-03-25-20-05,10.7545,106.6583,2,wmo code,"Trời quang, có mây rải rác",33.6,°C,23.1,°C,36.9,°C,27.1,°C,2026-03-25T05:54,iso8601,2026-03-25T18:04,iso8601,9.3,0.0,mm,0,%,16.1,km/h,32.4,km/h,138,°,2026-03-25,iso8601
899dff6a96181346a2b25681752045b3,2026-03-25-20-05,10.8741,106.7475,2,wmo code,"Trời quang, có mây rải rác",34.4,°C,23.1,°C,38.1,°C,27.0,°C,2026-03-25T05:54,iso8601,2026-03-25T18:03,iso8601,9.25,0.0,mm,0,%,16.9,km/h,33.5,km/h,142,°,2026-03-25,iso8601
308ae609e5b64de9ce478c7a11dc35c0,2026-03-25-20-05,10.7527,106.6872,2,wmo code,"Trời quang, có mây rải rác",33.6,°C,23.1,°C,37.0,°C,27.2,°C,2026-03-25T05:54,iso8601,2026-03-25T18:04,iso8601,9.3,0.0,mm,0,%,16.1,km/h,32.4,km/h,138,°,2026-03-25,iso8601
7a3f7790d7f71c90cdc27d7f12778138,2026-03-25-20-05,10.8139,106.7974,2,wmo code,"Trời quang, có mây rải rác",34.5,°C,23.3,°C,38.3,°C,27.3,°C,2026-03-25T05:54,iso8601,2026-03-25T18:03,iso8601,9.25,0.0,mm,0,%,16.9,km/h,33.5,km/h,142,°,2026-03-25,iso8601
4be0bd6ff2e3ba57c460743447aaf5e4,2026-03-25-20-05,10.716,106.5857,2,wmo code,"Trời quang, có mây rải rác",33.6,°C,23.1,°C,37.0,°C,27.2,°C,2026-03-25T05:54,iso8601,2026-03-25T18:04,iso8601,9.3,0.0,mm,0,%,16.1,km/h,32.4,km/h,138,°,2026-03-25,iso8601
2a560a0bd3463490f2e2c465fb77b055,2026-03-25-20-05,10.7804,106.6364,2,wmo code,"Trời quang, có mây rải rác",33.6,°C,23.1,°C,36.9,°C,27.1,°C,2026-03-25T05:54,iso8601,2026-03-25T18:04,iso8601,9.3,0.0,mm,0,%,16.1,km/h,32.4,km/h,138,°,2026-03-25,iso8601
35bd388c4c5d180e6304bb827612154f,2026-03-25-20-05,10.8071,106.7185,2,wmo code,"Trời quang, có mây rải rác",33.9,°C,23.6,°C,37.4,°C,27.7,°C,2026-03-25T05:54,iso8601,2026-03-25T18:03,iso8601,9.25,0.0,mm,0,%,16.9,km/h,35.3,km/h,138,°,2026-03-25,iso8601
9d4dfa0bc2b0894f70651b92575ada16,2026-03-25-20-05,10.8656,106.6001,2,wmo code,"Trời quang, có mây rải rác",34.4,°C,23.1,°C,38.2,°C,27.1,°C,2026-03-25T05:54,iso8601,2026-03-25T18:04,iso8601,9.3,0.0,mm,0,%,16.9,km/h,33.5,km/h,142,°,2026-03-25,iso8601
f3bad4165c5bafb5cf3faa190886fe6d,2026-03-25-20-05,10.8078,106.6402,2,wmo code,"Trời quang, có mây rải rác",33.6,°C,23.1,°C,36.9,°C,27.1,°C,2026-03-25T05:54,iso8601,2026-03-25T18:04,iso8601,9.3,0.0,mm,0,%,16.1,km/h,32.4,km/h,138,°,2026-03-25,iso8601
de5324453bfbe514a3a5401164d9b6d7,2026-03-25-20-05,10.8643,106.6941,2,wmo code,"Trời quang, có mây rải rác",34.5,°C,23.3,°C,38.3,°C,27.3,°C,2026-03-25T05:54,iso8601,2026-03-25T18:03,iso8601,9.3,0.0,mm,0,%,16.9,km/h,33.5,km/h,142,°,2026-03-25,iso8601
6a00832a711b7b634d2304dea9532ce4,2026-03-25-20-05,10.8132,106.6787,2,wmo code,"Trời quang, có mây rải rác",34.4,°C,23.1,°C,38.1,°C,27.0,°C,2026-03-25T05:54,iso8601,2026-03-25T18:04,iso8601,9.3,0.0,mm,0,%,16.9,km/h,33.5,km/h,142,°,2026-03-25,iso8601
f7c0caf8bd77b349c6509b1ffaa95dff,2026-03-25-20-05,10.8472,106.6124,2,wmo code,"Trời quang, có mây rải rác",34.4,°C,23.1,°C,38.1,°C,27.1,°C,2026-03-25T05:54,iso8601,2026-03-25T18:04,iso8601,9.3,0.0,mm,0,%,16.9,km/h,33.5,km/h,142,°,2026-03-25,iso8601
6ea26a0d225cc1f578e7874119074860,2026-03-25-20-05,10.7463,106.66,2,wmo code,"Trời quang, có mây rải rác",33.6,°C,23.1,°C,36.9,°C,27.1,°C,2026-03-25T05:54,iso8601,2026-03-25T18:04,iso8601,9.3,0.0,mm,0,%,16.1,km/h,32.4,km/h,138,°,2026-03-25,iso8601
ef35aa07cbe1e7e85fde1e038bed95e4,2026-03-25-20-05,10.7758,106.6991,2,wmo code,"Trời quang, có mây rải rác",33.8,°C,23.6,°C,37.3,°C,27.6,°C,2026-03-25T05:54,iso8601,2026-03-25T18:03,iso8601,9.3,0.0,mm,0,%,16.9,km/h,35.3,km/h,138,°,2026-03-25,iso8601
6aa424afd411c43e24ad14f2ace416fc,2026-03-25-20-05,10.7872,106.6347,2,wmo code,"Trời quang, có mây rải rác",33.5,°C,23.0,°C,36.9,°C,27.1,°C,2026-03-25T05:54,iso8601,2026-03-25T18:04,iso8601,9.3,0.0,mm,0,%,16.1,km/h,32.4,km/h,138,°,2026-03-25,iso8601
aa55d5db7a80a888fe5daa8bcf5af867,2026-03-25-20-05,10.7546,106.6696,2,wmo code,"Trời quang, có mây rải rác",33.5,°C,23.0,°C,36.9,°C,27.0,°C,2026-03-25T05:54,iso8601,2026-03-25T18:04,iso8601,9.3,0.0,mm,0,%,16.1,km/h,32.4,km/h,138,°,2026-03-25,iso8601
83e87b7516a10efbe845ec087ce6ddbd,2026-03-25-20-05,10.7802,106.7011,2,wmo code,"Trời quang, có mây rải rác",33.8,°C,23.6,°C,37.4,°C,27.6,°C,2026-03-25T05:54,iso8601,2026-03-25T18:03,iso8601,9.25,0.0,mm,0,%,16.9,km/h,35.3,km/h,138,°,2026-03-25,iso8601
c9bf2ababcddcaa13b59651f018052f6,2026-03-25-20-05,10.7657,106.6641,2,wmo code,"Trời quang, có mây rải rác",33.5,°C,23.0,°C,36.9,°C,27.0,°C,2026-03-25T05:54,iso8601,2026-03-25T18:04,iso8601,9.3,0.0,mm,0,%,16.1,km/h,32.4,km/h,138,°,2026-03-25,iso8601
8457240fccffc65244c51d3867b23542,2026-03-25-20-05,10.8355,106.7658,2,wmo code,"Trời quang, có mây rải rác",34.5,°C,23.2,°C,38.3,°C,27.2,°C,2026-03-25T05:54,iso8601,2026-03-25T18:03,iso8601,9.25,0.0,mm,0,%,16.9,km/h,33.5,km/h,142,°,2026-03-25,iso8601
9fe2681384cc7911bbe192c9dbe7a28b,2026-03-25-20-05,10.8139,106.6331,2,wmo code,"Trời quang, có mây rải rác",34.4,°C,23.2,°C,38.2,°C,27.1,°C,2026-03-25T05:54,iso8601,2026-03-25T18:04,iso8601,9.3,0.0,mm,0,%,16.9,km/h,33.5,km/h,142,°,2026-03-25,iso8601
3b8503c98906d29b3dc213c8b61b3094,2026-03-25-20-05,10.759,106.669,2,wmo code,"Trời quang, có mây rải rác",33.5,°C,23.0,°C,36.9,°C,27.1,°C,2026-03-25T05:54,iso8601,2026-03-25T18:04,iso8601,9.3,0.0,mm,0,%,16.1,km/h,32.4,km/h,138,°,2026-03-25,iso8601
0147c996676c6cc42bfe950283ca1a66,2026-03-25-20-05,10.8707,106.807,2,wmo code,"Trời quang, có mây rải rác",34.3,°C,23.1,°C,38.1,°C,27.0,°C,2026-03-25T05:54,iso8601,2026-03-25T18:03,iso8601,9.25,0.0,mm,0,%,16.9,km/h,33.5,km/h,142,°,2026-03-25,iso8601
a11e287ce64ba3fae05bc7620867b62e,2026-03-25-20-05,10.7898,106.6839,2,wmo code,"Trời quang, có mây rải rác",33.6,°C,23.1,°C,36.9,°C,27.1,°C,2026-03-25T05:54,iso8601,2026-03-25T18:04,iso8601,9.3,0.0,mm,0,%,16.1,km/h,32.4,km/h,138,°,2026-03-25,iso8601
0c29b3b2d9fb79d0ba9b100c3778cd32,2026-03-25-20-05,10.7766,106.7657,2,wmo code,"Trời quang, có mây rải rác",33.9,°C,23.6,°C,37.4,°C,27.6,°C,2026-03-25T05:54,iso8601,2026-03-25T18:03,iso8601,9.25,0.0,mm,0,%,16.9,km/h,35.3,km/h,138,°,2026-03-25,iso8601
f1c455e96fc9caeeef3e07f07cda2988,2026-03-25-20-05,10.7807,106.6832,2,wmo code,"Trời quang, có mây rải rác",33.5,°C,23.0,°C,36.9,°C,27.1,°C,2026-03-25T05:54,iso8601,2026-03-25T18:04,iso8601,9.3,0.0,mm,0,%,16.1,km/h,32.4,km/h,138,°,2026-03-25,iso8601
945f4133aaa997f4ea99a4b9f3d73e0b,2026-03-25-20-05,10.7511,106.6528,2,wmo code,"Trời quang, có mây rải rác",33.6,°C,23.1,°C,36.9,°C,27.1,°C,2026-03-25T05:54,iso8601,2026-03-25T18:04,iso8601,9.3,0.0,mm,0,%,16.1,km/h,32.4,km/h,138,°,2026-03-25,iso8601
4acc35dfc56bacf61b6804ae09abdd9c,2026-03-25-20-05,10.8487,106.7744,2,wmo code,"Trời quang, có mây rải rác",34.3,°C,23.1,°C,38.1,°C,27.0,°C,2026-03-25T05:54,iso8601,2026-03-25T18:03,iso8601,9.25,0.0,mm,0,%,16.9,km/h,33.5,km/h,142,°,2026-03-25,iso8601
f2cca9ecbb9945a5cdf82c34e47e6227,2026-03-25-20-05,10.7802,106.6543,2,wmo code,"Trời quang, có mây rải rác",33.5,°C,23.0,°C,36.9,°C,27.1,°C,2026-03-25T05:54,iso8601,2026-03-25T18:04,iso8601,9.3,0.0,mm,0,%,16.1,km/h,32.4,km/h,138,°,2026-03-25,iso8601
cfc1d8a13eb70ffc6d5cf19f6e2839df,2026-03-25-20-05,10.7768,106.6641,2,wmo code,"Trời quang, có mây rải rác",33.6,°C,23.1,°C,36.9,°C,27.1,°C,2026-03-25T05:54,iso8601,2026-03-25T18:04,iso8601,9.3,0.0,mm,0,%,16.1,km/h,32.4,km/h,138,°,2026-03-25,iso8601
7872630f267e6a8b1cb8cefd4969f75f,2026-03-25-20-05,10.8025,106.6659,2,wmo code,"Trời quang, có mây rải rác",33.5,°C,23.0,°C,36.9,°C,27.1,°C,2026-03-25T05:54,iso8601,2026-03-25T18:04,iso8601,9.3,0.0,mm,0,%,16.1,km/h,32.4,km/h,138,°,2026-03-25,iso8601
a075b85befd3006493db5b5098a900bd,2026-03-25-20-05,10.7934,106.7556,2,wmo code,"Trời quang, có mây rải rác",33.9,°C,23.6,°C,37.4,°C,27.7,°C,2026-03-25T05:54,iso8601,2026-03-25T18:03,iso8601,9.25,0.0,mm,0,%,16.9,km/h,35.3,km/h,138,°,2026-03-25,iso8601
31ff27ee9f18e0a23f605cd79eb16bb3,2026-03-25-20-05,10.7595,106.667,2,wmo code,"Trời quang, có mây rải rác",33.5,°C,23.0,°C,36.9,°C,27.1,°C,2026-03-25T05:54,iso8601,2026-03-25T18:04,iso8601,9.3,0.0,mm,0,%,16.1,km/h,32.4,km/h,138,°,2026-03-25,iso8601
3f3172997a45be4a39c53a0697c17f35,2026-03-25-20-05,10.7988,106.7179,2,wmo code,"Trời quang, có mây rải rác",33.9,°C,23.6,°C,37.4,°C,27.6,°C,2026-03-25T05:54,iso8601,2026-03-25T18:03,iso8601,9.25,0.0,mm,0,%,16.9,km/h,35.3,km/h,138,°,2026-03-25,iso8601
10b2860fd7c0d270a4e512a6eb7f16b0,2026-03-25-20-05,10.758,106.6997,2,wmo code,"Trời quang, có mây rải rác",33.9,°C,23.6,°C,37.4,°C,27.7,°C,2026-03-25T05:54,iso8601,2026-03-25T18:03,iso8601,9.25,0.0,mm,0,%,16.9,km/h,35.3,km/h,138,°,2026-03-25,iso8601
d9ff27de775687ba6ae535d9cdf8a20f,2026-03-25-20-05,10.7282,106.6072,2,wmo code,"Trời quang, có mây rải rác",33.6,°C,23.1,°C,37.0,°C,27.1,°C,2026-03-25T05:54,iso8601,2026-03-25T18:04,iso8601,9.3,0.0,mm,0,%,16.1,km/h,32.4,km/h,138,°,2026-03-25,iso8601
2c63fbf4dc77cb37ee333f4e25e765f7,2026-03-25-20-05,10.8453,106.7716,2,wmo code,"Trời quang, có mây rải rác",34.4,°C,23.1,°C,38.1,°C,27.0,°C,2026-03-25T05:54,iso8601,2026-03-25T18:03,iso8601,9.25,0.0,mm,0,%,16.9,km/h,33.5,km/h,142,°,2026-03-25,iso8601
fd613f1221173c7617c7db5cf43d7632,2026-03-25-20-05,10.7844,106.6784,2,wmo code,"Trời quang, có mây rải rác",33.6,°C,23.1,°C,36.9,°C,27.1,°C,2026-03-25T05:54,iso8601,2026-03-25T18:04,iso8601,9.3,0.0,mm,0,%,16.1,km/h,32.4,km/h,138,°,2026-03-25,iso8601
b9346845b0f001277213d25f2c3c0a73,2026-03-25-20-05,10.7623,106.6556,2,wmo code,"Trời quang, có mây rải rác",33.5,°C,23.0,°C,36.9,°C,27.1,°C,2026-03-25T05:54,iso8601,2026-03-25T18:04,iso8601,9.3,0.0,mm,0,%,16.1,km/h,32.4,km/h,138,°,2026-03-25,iso8601
c2f578077695c90d73a4e6dbc300fe90,2026-03-25-20-05,10.8077,106.6211,2,wmo code,"Trời quang, có mây rải rác",33.6,°C,23.1,°C,36.9,°C,27.1,°C,2026-03-25T05:54,iso8601,2026-03-25T18:04,iso8601,9.3,0.0,mm,0,%,16.1,km/h,32.4,km/h,138,°,2026-03-25,iso8601
547363d49bad58f120835e66b68860f2,2026-03-25-20-05,10.766,106.6823,2,wmo code,"Trời quang, có mây rải rác",33.5,°C,23.0,°C,36.9,°C,27.0,°C,2026-03-25T05:54,iso8601,2026-03-25T18:04,iso8601,9.3,0.0,mm,0,%,16.1,km/h,32.4,km/h,138,°,2026-03-25,iso8601
1672c01722daa83cae69a3a0af7eea45,2026-03-25-20-05,10.7535,106.653,2,wmo code,"Trời quang, có mây rải rác",33.6,°C,23.1,°C,36.9,°C,27.1,°C,2026-03-25T05:54,iso8601,2026-03-25T18:04,iso8601,9.3,0.0,mm,0,%,16.1,km/h,32.4,km/h,138,°,2026-03-25,iso8601
997d78e071529c77b516901bdfd5ec4b,2026-03-25-20-05,10.8685,106.8041,2,wmo code,"Trời quang, có mây rải rác",34.4,°C,23.1,°C,38.1,°C,27.0,°C,2026-03-25T05:54,iso8601,2026-03-25T18:03,iso8601,9.25,0.0,mm,0,%,16.9,km/h,33.5,km/h,142,°,2026-03-25,iso8601
7ad3cce7b24417a8603842e257daea43,2026-03-25-20-05,10.7918,106.8178,2,wmo code,"Trời quang, có mây rải rác",34.3,°C,23.7,°C,38.1,°C,27.9,°C,2026-03-25T05:53,iso8601,2026-03-25T18:03,iso8601,9.25,0.0,mm,0,%,17.3,km/h,36.0,km/h,138,°,2026-03-25,iso8601
91c1d62e3d990e9f6f7befb66bcbcb20,2026-03-25-20-05,10.7448,106.6689,2,wmo code,"Trời quang, có mây rải rác",33.6,°C,23.1,°C,36.9,°C,27.1,°C,2026-03-25T05:54,iso8601,2026-03-25T18:04,iso8601,9.3,0.0,mm,0,%,16.1,km/h,32.4,km/h,138,°,2026-03-25,iso8601
70a2479522518fa70836397db48cbabd,2026-03-25-20-05,10.7517,106.6533,2,wmo code,"Trời quang, có mây rải rác",33.6,°C,23.1,°C,36.9,°C,27.1,°C,2026-03-25T05:54,iso8601,2026-03-25T18:04,iso8601,9.3,0.0,mm,0,%,16.1,km/h,32.4,km/h,138,°,2026-03-25,iso8601
48ed2cb8bdec7fb5383149c4381dac31,2026-03-25-20-05,10.8608,106.7151,2,wmo code,"Trời quang, có mây rải rác",34.5,°C,23.3,°C,38.3,°C,27.3,°C,2026-03-25T05:54,iso8601,2026-03-25T18:03,iso8601,9.25,0.0,mm,0,%,16.9,km/h,33.5,km/h,142,°,2026-03-25,iso8601
df3dea084f020e6d6702fa2ead3b3286,2026-03-25-20-05,10.7266,106.723,2,wmo code,"Trời quang, có mây rải rác",33.9,°C,23.6,°C,37.4,°C,27.6,°C,2026-03-25T05:54,iso8601,2026-03-25T18:03,iso8601,9.25,0.0,mm,0,%,16.9,km/h,35.3,km/h,138,°,2026-03-25,iso8601
30f6a3c6075e4c488d2fc6fde201b263,2026-03-25-20-05,10.8144,106.6938,2,wmo code,"Trời quang, có mây rải rác",34.4,°C,23.2,°C,38.2,°C,27.1,°C,2026-03-25T05:54,iso8601,2026-03-25T18:03,iso8601,9.3,0.0,mm,0,%,16.9,km/h,33.5,km/h,142,°,2026-03-25,iso8601
b0166dc361a75fc95ddbe6d2e14328f3,2026-03-25-20-05,10.7582,106.6518,2,wmo code,"Trời quang, có mây rải rác",33.5,°C,23.0,°C,36.9,°C,27.1,°C,2026-03-25T05:54,iso8601,2026-03-25T18:04,iso8601,9.3,0.0,mm,0,%,16.1,km/h,32.4,km/h,138,°,2026-03-25,iso8601
cd895fd509f55daf8729076c41d8fa39,2026-03-25-20-05,10.7524,106.7242,2,wmo code,"Trời quang, có mây rải rác",33.9,°C,23.6,°C,37.4,°C,27.7,°C,2026-03-25T05:54,iso8601,2026-03-25T18:03,iso8601,9.25,0.0,mm,0,%,16.9,km/h,35.3,km/h,138,°,2026-03-25,iso8601
133a9f961e68422879b2f232c1e2bce5,2026-03-25-20-05,10.7513,106.6477,2,wmo code,"Trời quang, có mây rải rác",33.6,°C,23.1,°C,36.9,°C,27.1,°C,2026-03-25T05:54,iso8601,2026-03-25T18:04,iso8601,9.3,0.0,mm,0,%,16.1,km/h,32.4,km/h,138,°,2026-03-25,iso8601
3ff2b88cd61445ae362d9d551f4378d6,2026-03-25-20-05,10.8741,106.7305,2,wmo code,"Trời quang, có mây rải rác",34.5,°C,23.3,°C,38.3,°C,27.2,°C,2026-03-25T05:54,iso8601,2026-03-25T18:03,iso8601,9.25,0.0,mm,0,%,16.9,km/h,33.5,km/h,142,°,2026-03-25,iso8601
5b068f2599657f98ab48176a2693afd4,2026-03-25-20-05,10.8829,106.7702,2,wmo code,"Trời quang, có mây rải rác",34.4,°C,23.1,°C,38.1,°C,27.0,°C,2026-03-25T05:54,iso8601,2026-03-25T18:03,iso8601,9.25,0.0,mm,0,%,16.9,km/h,33.5,km/h,142,°,2026-03-25,iso8601
2cf525980f9ddf323e7108cf8319b212,2026-03-25-20-05,10.781,106.6332,2,wmo code,"Trời quang, có mây rải rác",33.6,°C,23.1,°C,36.9,°C,27.1,°C,2026-03-25T05:54,iso8601,2026-03-25T18:04,iso8601,9.3,0.0,mm,0,%,16.1,km/h,32.4,km/h,138,°,2026-03-25,iso8601
ba4903aed055bfbb3e0fa9242f88926c,2026-03-25-20-05,10.8012,106.7099,2,wmo code,"Trời quang, có mây rải rác",33.9,°C,23.6,°C,37.4,°C,27.6,°C,2026-03-25T05:54,iso8601,2026-03-25T18:03,iso8601,9.25,0.0,mm,0,%,16.9,km/h,35.3,km/h,138,°,2026-03-25,iso8601
835a94e91589c19f1cb1320947313fa9,2026-03-25-20-05,10.7663,106.6749,2,wmo code,"Trời quang, có mây rải rác",33.5,°C,23.0,°C,36.9,°C,27.0,°C,2026-03-25T05:54,iso8601,2026-03-25T18:04,iso8601,9.3,0.0,mm,0,%,16.1,km/h,32.4,km/h,138,°,2026-03-25,iso8601
6a00832a711b7b634d2304dea9532ce4,2026-03-25-20-05,10.8192,106.6788,2,wmo code,"Trời quang, có mây rải rác",34.4,°C,23.1,°C,38.1,°C,27.0,°C,2026-03-25T05:54,iso8601,2026-03-25T18:04,iso8601,9.3,0.0,mm,0,%,16.9,km/h,33.5,km/h,142,°,2026-03-25,iso8601
86163a5b85f5781a1a097719e51b4386,2026-03-25-20-05,10.8667,106.7618,2,wmo code,"Trời quang, có mây rải rác",34.3,°C,23.1,°C,38.1,°C,27.0,°C,2026-03-25T05:54,iso8601,2026-03-25T18:03,iso8601,9.25,0.0,mm,0,%,16.9,km/h,33.5,km/h,142,°,2026-03-25,iso8601
7b4a911bbd47627a4c3c6b8770466a8e,2026-03-25-20-05,10.8009,106.7151,2,wmo code,"Trời quang, có mây rải rác",33.8,°C,23.6,°C,37.4,°C,27.6,°C,2026-03-25T05:54,iso8601,2026-03-25T18:03,iso8601,9.25,0.0,mm,0,%,16.9,km/h,35.3,km/h,138,°,2026-03-25,iso8601
7f3d106ec08adf7614d3eeaba6187d43,2026-03-25-20-05,10.7789,106.6706,2,wmo code,"Trời quang, có mây rải rác",33.6,°C,23.1,°C,36.9,°C,27.1,°C,2026-03-25T05:54,iso8601,2026-03-25T18:04,iso8601,9.3,0.0,mm,0,%,16.1,km/h,32.4,km/h,138,°,2026-03-25,iso8601
b50ded03ccbcc1491627859260170356,2026-03-25-20-05,10.8423,106.615,2,wmo code,"Trời quang, có mây rải rác",34.4,°C,23.1,°C,38.1,°C,27.1,°C,2026-03-25T05:54,iso8601,2026-03-25T18:04,iso8601,9.3,0.0,mm,0,%,16.9,km/h,33.5,km/h,142,°,2026-03-25,iso8601
70f1b14a609deef6532cfd6eac842e1d,2026-03-25-20-05,10.7465,106.6289,2,wmo code,"Trời quang, có mây rải rác",33.6,°C,23.1,°C,36.9,°C,27.1,°C,2026-03-25T05:54,iso8601,2026-03-25T18:04,iso8601,9.3,0.0,mm,0,%,16.1,km/h,32.4,km/h,138,°,2026-03-25,iso8601
e8c79d619669b25ac8a8b5c6cd0d1892,2026-03-25-20-05,10.7713,106.6939,2,wmo code,"Trời quang, có mây rải rác",33.8,°C,23.6,°C,37.4,°C,27.6,°C,2026-03-25T05:54,iso8601,2026-03-25T18:03,iso8601,9.3,0.0,mm,0,%,16.9,km/h,35.3,km/h,138,°,2026-03-25,iso8601
d3c7e159184f07572d71181f2e57dc01,2026-03-25-20-05,10.7958,106.6928,2,wmo code,"Trời quang, có mây rải rác",33.8,°C,23.6,°C,37.4,°C,27.6,°C,2026-03-25T05:54,iso8601,2026-03-25T18:03,iso8601,9.3,0.0,mm,0,%,16.9,km/h,35.3,km/h,138,°,2026-03-25,iso8601
6d08264bbd0f9b27969170e3ea60e7e0,2026-03-25-20-05,10.7949,106.76,2,wmo code,"Trời quang, có mây rải rác",33.9,°C,23.6,°C,37.4,°C,27.7,°C,2026-03-25T05:54,iso8601,2026-03-25T18:03,iso8601,9.25,0.0,mm,0,%,16.9,km/h,35.3,km/h,138,°,2026-03-25,iso8601
03b477d928da55ca9ffa29542cabadf9,2026-03-25-20-05,10.8074,106.6348,2,wmo code,"Trời quang, có mây rải rác",33.6,°C,23.1,°C,36.9,°C,27.1,°C,2026-03-25T05:54,iso8601,2026-03-25T18:04,iso8601,9.3,0.0,mm,0,%,16.1,km/h,32.4,km/h,138,°,2026-03-25,iso8601
96d2699795530b9bb0661850b4b7699d,2026-03-25-20-05,10.7289,106.698,2,wmo code,"Trời quang, có mây rải rác",33.9,°C,23.6,°C,37.4,°C,27.7,°C,2026-03-25T05:54,iso8601,2026-03-25T18:03,iso8601,9.3,0.0,mm,0,%,16.9,km/h,35.3,km/h,138,°,2026-03-25,iso8601
b7556d52344c71a481335b2dd6128029,2026-03-25-20-05,10.7775,106.7646,2,wmo code,"Trời quang, có mây rải rác",33.9,°C,23.6,°C,37.4,°C,27.7,°C,2026-03-25T05:54,iso8601,2026-03-25T18:03,iso8601,9.25,0.0,mm,0,%,16.9,km/h,35.3,km/h,138,°,2026-03-25,iso8601
e07e8c19221f5933646ec3392d1e357e,2026-03-25-20-05,10.8396,106.7384,2,wmo code,"Trời quang, có mây rải rác",34.5,°C,23.3,°C,38.3,°C,27.3,°C,2026-03-25T05:54,iso8601,2026-03-25T18:03,iso8601,9.25,0.0,mm,0,%,16.9,km/h,33.5,km/h,142,°,2026-03-25,iso8601
0156bf10ae8471d6696389f5fbcfce3b,2026-03-25-20-05,10.8549,106.6559,2,wmo code,"Trời quang, có mây rải rác",34.4,°C,23.2,°C,38.2,°C,27.1,°C,2026-03-25T05:54,iso8601,2026-03-25T18:04,iso8601,9.3,0.0,mm,0,%,16.9,km/h,33.5,km/h,142,°,2026-03-25,iso8601
86eb4d8d56efd88ec1eae6d1a69b2f73,2026-03-25-20-05,10.7842,106.6518,2,wmo code,"Trời quang, có mây rải rác",33.5,°C,23.0,°C,36.9,°C,27.0,°C,2026-03-25T05:54,iso8601,2026-03-25T18:04,iso8601,9.3,0.0,mm,0,%,16.1,km/h,32.4,km/h,138,°,2026-03-25,iso8601
ed4fcc8e7c23c831129f37c2607755a0,2026-03-25-20-05,10.7493,106.7024,2,wmo code,"Trời quang, có mây rải rác",33.9,°C,23.6,°C,37.4,°C,27.7,°C,2026-03-25T05:54,iso8601,2026-03-25T18:03,iso8601,9.25,0.0,mm,0,%,16.9,km/h,35.3,km/h,138,°,2026-03-25,iso8601
201c3bdb22316bec1938d479b7d162fe,2026-03-25-20-05,10.7858,106.6545,2,wmo code,"Trời quang, có mây rải rác",33.5,°C,23.0,°C,36.9,°C,27.1,°C,2026-03-25T05:54,iso8601,2026-03-25T18:04,iso8601,9.3,0.0,mm,0,%,16.1,km/h,32.4,km/h,138,°,2026-03-25,iso8601
aad48e9b8f4d68a89d782d2d3005101f,2026-03-25-20-05,10.8369,106.7002,2,wmo code,"Trời quang, có mây rải rác",34.5,°C,23.3,°C,38.3,°C,27.3,°C,2026-03-25T05:54,iso8601,2026-03-25T18:03,iso8601,9.25,0.0,mm,0,%,16.9,km/h,33.5,km/h,142,°,2026-03-25,iso8601
08f80b05cadf30c51835ffd69d35ec5c,2026-03-25-20-05,10.7729,106.6788,2,wmo code,"Trời quang, có mây rải rác",33.5,°C,23.0,°C,36.9,°C,27.1,°C,2026-03-25T05:54,iso8601,2026-03-25T18:04,iso8601,9.3,0.0,mm,0,%,16.1,km/h,32.4,km/h,138,°,2026-03-25,iso8601
ad966e26648e05b8e1e20a288d61ccde,2026-03-25-20-05,10.8819,106.6077,2,wmo code,"Trời quang, có mây rải rác",34.4,°C,23.2,°C,38.2,°C,27.1,°C,2026-03-25T05:54,iso8601,2026-03-25T18:04,iso8601,9.3,0.0,mm,0,%,16.9,km/h,33.5,km/h,142,°,2026-03-25,iso8601
a4a81e2375290beb6afe95542446bc64,2026-03-25-20-05,10.7209,106.6572,2,wmo code,"Trời quang, có mây rải rác",33.6,°C,23.1,°C,37.0,°C,27.2,°C,2026-03-25T05:54,iso8601,2026-03-25T18:04,iso8601,9.3,0.0,mm,0,%,16.1,km/h,32.4,km/h,138,°,2026-03-25,iso8601
502578d2a4f5ec4fc519e0107f31f6c1,2026-03-25-20-05,10.8024,106.6423,2,wmo code,"Trời quang, có mây rải rác",33.5,°C,23.0,°C,36.9,°C,27.1,°C,2026-03-25T05:54,iso8601,2026-03-25T18:04,iso8601,9.3,0.0,mm,0,%,16.1,km/h,32.4,km/h,138,°,2026-03-25,iso8601
40bdc09d799d5156e887ecab50ad1479,2026-03-25-20-05,10.7566,106.6662,2,wmo code,"Trời quang, có mây rải rác",33.5,°C,23.0,°C,36.9,°C,27.1,°C,2026-03-25T05:54,iso8601,2026-03-25T18:04,iso8601,9.3,0.0,mm,0,%,16.1,km/h,32.4,km/h,138,°,2026-03-25,iso8601
e1fda064de6cd569c93337cdac6a2683,2026-03-25-20-05,10.6783,106.7536,3,wmo code,Trời nhiều mây,33.4,°C,23.6,°C,36.9,°C,27.6,°C,2026-03-25T05:54,iso8601,2026-03-25T18:03,iso8601,9.25,0.0,mm,0,%,18.9,km/h,35.6,km/h,133,°,2026-03-25,iso8601
af1638d7752e8b881830970c73587a23,2026-03-25-20-05,10.8123,106.6769,2,wmo code,"Trời quang, có mây rải rác",33.5,°C,23.0,°C,36.9,°C,27.0,°C,2026-03-25T05:54,iso8601,2026-03-25T18:04,iso8601,9.3,0.0,mm,0,%,16.1,km/h,32.4,km/h,138,°,2026-03-25,iso8601
63fae86ec55193cab7357c63f4f2845a,2026-03-25-20-05,10.7937,106.669,2,wmo code,"Trời quang, có mây rải rác",33.5,°C,23.0,°C,36.9,°C,27.1,°C,2026-03-25T05:54,iso8601,2026-03-25T18:04,iso8601,9.3,0.0,mm,0,%,16.1,km/h,32.4,km/h,138,°,2026-03-25,iso8601
2e7b0341cc7b2135881d31cacb53f4b1,2026-03-25-20-05,10.7677,106.6724,2,wmo code,"Trời quang, có mây rải rác",33.5,°C,23.0,°C,36.9,°C,27.1,°C,2026-03-25T05:54,iso8601,2026-03-25T18:04,iso8601,9.3,0.0,mm,0,%,16.1,km/h,32.4,km/h,138,°,2026-03-25,iso8601
20b9106544ecc449efa13972605cfa53,2026-03-25-20-05,10.7696,106.6355,2,wmo code,"Trời quang, có mây rải rác",33.6,°C,23.1,°C,36.9,°C,27.1,°C,2026-03-25T05:54,iso8601,2026-03-25T18:04,iso8601,9.3,0.0,mm,0,%,16.1,km/h,32.4,km/h,138,°,2026-03-25,iso8601
449690e7103c2f6f08ca48fe1916ab83,2026-03-25-20-05,10.866,106.7817,2,wmo code,"Trời quang, có mây rải rác",34.5,°C,23.2,°C,38.3,°C,27.2,°C,2026-03-25T05:54,iso8601,2026-03-25T18:03,iso8601,9.25,0.0,mm,0,%,16.9,km/h,33.5,km/h,142,°,2026-03-25,iso8601
51f7836e378c5d826cafa0ac7ff82474,2026-03-25-20-05,10.747,106.6604,2,wmo code,"Trời quang, có mây rải rác",33.6,°C,23.1,°C,36.9,°C,27.1,°C,2026-03-25T05:54,iso8601,2026-03-25T18:04,iso8601,9.3,0.0,mm,0,%,16.1,km/h,32.4,km/h,138,°,2026-03-25,iso8601
2a8257ef6c5135d11434e257b932e9df,2026-03-25-20-05,10.7607,106.6977,2,wmo code,"Trời quang, có mây rải rác",33.9,°C,23.6,°C,37.4,°C,27.7,°C,2026-03-25T05:54,iso8601,2026-03-25T18:03,iso8601,9.3,0.0,mm,0,%,16.9,km/h,35.3,km/h,138,°,2026-03-25,iso8601
f2d459490aa10bfe84e2ce7c321b0772,2026-03-25-20-05,10.8271,106.7154,2,wmo code,"Trời quang, có mây rải rác",34.5,°C,23.3,°C,38.3,°C,27.3,°C,2026-03-25T05:54,iso8601,2026-03-25T18:03,iso8601,9.25,0.0,mm,0,%,16.9,km/h,33.5,km/h,142,°,2026-03-25,iso8601
a607cc7797f5992f2e24cd76b4ec324a,2026-03-25-20-05,10.7365,106.7002,2,wmo code,"Trời quang, có mây rải rác",33.9,°C,23.6,°C,37.4,°C,27.7,°C,2026-03-25T05:54,iso8601,2026-03-25T18:03,iso8601,9.25,0.0,mm,0,%,16.9,km/h,35.3,km/h,138,°,2026-03-25,iso8601
b3f614c6deb5a73ca31654f6aff3780e,2026-03-25-20-05,10.7563,106.6511,2,wmo code,"Trời quang, có mây rải rác",33.6,°C,23.1,°C,36.9,°C,27.1,°C,2026-03-25T05:54,iso8601,2026-03-25T18:04,iso8601,9.3,0.0,mm,0,%,16.1,km/h,32.4,km/h,138,°,2026-03-25,iso8601
5607986b5ca983a49abe235ecaa49877,2026-03-25-20-05,10.7632,106.6504,2,wmo code,"Trời quang, có mây rải rác",33.6,°C,23.1,°C,36.9,°C,27.1,°C,2026-03-25T05:54,iso8601,2026-03-25T18:04,iso8601,9.3,0.0,mm,0,%,16.1,km/h,32.4,km/h,138,°,2026-03-25,iso8601
5b019332e6114b8ae49c3362815db79b,2026-03-25-20-05,10.7795,106.6499,2,wmo code,"Trời quang, có mây rải rác",33.5,°C,23.0,°C,36.9,°C,27.1,°C,2026-03-25T05:54,iso8601,2026-03-25T18:04,iso8601,9.3,0.0,mm,0,%,16.1,km/h,32.4,km/h,138,°,2026-03-25,iso8601
8c8a5499ecc899d953ab6c1c66a1dab9,2026-03-25-20-05,10.7807,106.6863,2,wmo code,"Trời quang, có mây rải rác",33.5,°C,23.0,°C,36.9,°C,27.1,°C,2026-03-25T05:54,iso8601,2026-03-25T18:04,iso8601,9.3,0.0,mm,0,%,16.1,km/h,32.4,km/h,138,°,2026-03-25,iso8601
b991be0a1f91f3eb050b949ffcda202f,2026-03-25-20-05,10.7952,106.6345,2,wmo code,"Trời quang, có mây rải rác",33.6,°C,23.1,°C,36.9,°C,27.1,°C,2026-03-25T05:54,iso8601,2026-03-25T18:04,iso8601,9.3,0.0,mm,0,%,16.1,km/h,32.4,km/h,138,°,2026-03-25,iso8601
5ee0b83e4d50b690d939cd4f48cb967e,2026-03-25-20-05,10.7916,106.6956,2,wmo code,"Trời quang, có mây rải rác",33.8,°C,23.6,°C,37.3,°C,27.6,°C,2026-03-25T05:54,iso8601,2026-03-25T18:03,iso8601,9.3,0.0,mm,0,%,16.9,km/h,35.3,km/h,138,°,2026-03-25,iso8601
1e1e73a5851e5963e4ea83aa60ceacce,2026-03-25-20-05,10.83,106.6707,2,wmo code,"Trời quang, có mây rải rác",34.4,°C,23.1,°C,38.1,°C,27.0,°C,2026-03-25T05:54,iso8601,2026-03-25T18:04,iso8601,9.3,0.0,mm,0,%,16.9,km/h,33.5,km/h,142,°,2026-03-25,iso8601
348b6c53508366be7fb2d3d6e71b15c4,2026-03-25-20-05,10.8261,106.7642,2,wmo code,"Trời quang, có mây rải rác",34.5,°C,23.2,°C,38.3,°C,27.2,°C,2026-03-25T05:54,iso8601,2026-03-25T18:03,iso8601,9.25,0.0,mm,0,%,16.9,km/h,33.5,km/h,142,°,2026-03-25,iso8601
7d37add08c105b05319c0a817946b108,2026-03-25-20-05,10.7677,106.674,2,wmo code,"Trời quang, có mây rải rác",33.5,°C,23.0,°C,36.9,°C,27.1,°C,2026-03-25T05:54,iso8601,2026-03-25T18:04,iso8601,9.3,0.0,mm,0,%,16.1,km/h,32.4,km/h,138,°,2026-03-25,iso8601
738526ef06112b5a346a6f5dc66f120d,2026-03-25-20-05,10.7809,106.6698,2,wmo code,"Trời quang, có mây rải rác",33.6,°C,23.1,°C,36.9,°C,27.1,°C,2026-03-25T05:54,iso8601,2026-03-25T18:04,iso8601,9.3,0.0,mm,0,%,16.1,km/h,32.4,km/h,138,°,2026-03-25,iso8601
84b55ced01b46649bc0c300d9222f91f,2026-03-25-20-05,10.7274,106.7086,2,wmo code,"Trời quang, có mây rải rác",33.9,°C,23.6,°C,37.4,°C,27.6,°C,2026-03-25T05:54,iso8601,2026-03-25T18:03,iso8601,9.25,0.0,mm,0,%,16.9,km/h,35.3,km/h,138,°,2026-03-25,iso8601
e77cd0dfaeb77e9030f6ebb1e2149b6a,2026-03-25-20-05,10.7537,106.6544,2,wmo code,"Trời quang, có mây rải rác",33.6,°C,23.1,°C,36.9,°C,27.1,°C,2026-03-25T05:54,iso8601,2026-03-25T18:04,iso8601,9.3,0.0,mm,0,%,16.1,km/h,32.4,km/h,138,°,2026-03-25,iso8601
573db5c9e513464ec598b4100d46964e,2026-03-25-20-05,10.751,106.6646,2,wmo code,"Trời quang, có mây rải rác",33.5,°C,23.0,°C,36.9,°C,27.1,°C,2026-03-25T05:54,iso8601,2026-03-25T18:04,iso8601,9.3,0.0,mm,0,%,16.1,km/h,32.4,km/h,138,°,2026-03-25,iso8601
bf38e868e866399a9490283a25255d1d,2026-03-25-20-05,10.86,106.6987,2,wmo code,"Trời quang, có mây rải rác",34.5,°C,23.3,°C,38.3,°C,27.3,°C,2026-03-25T05:54,iso8601,2026-03-25T18:03,iso8601,9.3,0.0,mm,0,%,16.9,km/h,33.5,km/h,142,°,2026-03-25,iso8601
136a16e68a33440c5e2a4f5c988c22e7,2026-03-25-20-05,10.7635,106.6905,2,wmo code,"Trời quang, có mây rải rác",33.9,°C,23.6,°C,37.4,°C,27.7,°C,2026-03-25T05:54,iso8601,2026-03-25T18:03,iso8601,9.3,0.0,mm,0,%,16.9,km/h,35.3,km/h,138,°,2026-03-25,iso8601
3ea305cbef3167c345c81b93932e4cf8,2026-03-25-20-05,10.8146,106.679,2,wmo code,"Trời quang, có mây rải rác",34.3,°C,23.1,°C,38.1,°C,27.0,°C,2026-03-25T05:54,iso8601,2026-03-25T18:04,iso8601,9.3,0.0,mm,0,%,16.9,km/h,33.5,km/h,142,°,2026-03-25,iso8601
bd0bdfc59239b2c228e0d185d9029e5d,2026-03-25-20-05,10.7064,106.8238,2,wmo code,"Trời quang, có mây rải rác",34.2,°C,23.6,°C,38.0,°C,27.7,°C,2026-03-25T05:53,iso8601,2026-03-25T18:03,iso8601,9.25,0.0,mm,0,%,17.3,km/h,36.0,km/h,138,°,2026-03-25,iso8601
303586b6502d05b20982c01c788a8863,2026-03-25-20-05,10.7293,106.6884,2,wmo code,"Trời quang, có mây rải rác",33.8,°C,23.6,°C,37.4,°C,27.6,°C,2026-03-25T05:54,iso8601,2026-03-25T18:03,iso8601,9.3,0.0,mm,0,%,16.9,km/h,35.3,km/h,138,°,2026-03-25,iso8601
644f59096dd37ef2b4d02d0b4bd204c5,2026-03-25-20-05,10.7911,106.6911,2,wmo code,"Trời quang, có mây rải rác",33.8,°C,23.6,°C,37.4,°C,27.6,°C,2026-03-25T05:54,iso8601,2026-03-25T18:03,iso8601,9.3,0.0,mm,0,%,16.9,km/h,35.3,km/h,138,°,2026-03-25,iso8601
0850d9a408a4b73193f8810b916dadfa,2026-03-25-20-05,10.8706,106.7734,2,wmo code,"Trời quang, có mây rải rác",34.4,°C,23.2,°C,38.2,°C,27.1,°C,2026-03-25T05:54,iso8601,2026-03-25T18:03,iso8601,9.25,0.0,mm,0,%,16.9,km/h,33.5,km/h,142,°,2026-03-25,iso8601
89479dc4a7719faf7acf04a66a8cac89,2026-03-25-20-05,10.8131,106.665,2,wmo code,"Trời quang, có mây rải rác",34.4,°C,23.1,°C,38.1,°C,27.1,°C,2026-03-25T05:54,iso8601,2026-03-25T18:04,iso8601,9.3,0.0,mm,0,%,16.9,km/h,33.5,km/h,142,°,2026-03-25,iso8601
aba4377b4889f81082fabd3c38f70d04,2026-03-25-20-05,10.853,106.7511,2,wmo code,"Trời quang, có mây rải rác",34.5,°C,23.2,°C,38.3,°C,27.2,°C,2026-03-25T05:54,iso8601,2026-03-25T18:03,iso8601,9.25,0.0,mm,0,%,16.9,km/h,33.5,km/h,142,°,2026-03-25,iso8601
11dc2d922327b66d741c39753e9aa472,2026-03-25-20-05,10.8747,106.7487,2,wmo code,"Trời quang, có mây rải rác",34.4,°C,23.1,°C,38.1,°C,27.0,°C,2026-03-25T05:54,iso8601,2026-03-25T18:03,iso8601,9.25,0.0,mm,0,%,16.9,km/h,33.5,km/h,142,°,2026-03-25,iso8601
64f139ba573a5097543a281c37f2811e,2026-03-25-20-05,10.8022,106.6454,2,wmo code,"Trời quang, có mây rải rác",33.5,°C,23.0,°C,36.9,°C,27.0,°C,2026-03-25T05:54,iso8601,2026-03-25T18:04,iso8601,9.3,0.0,mm,0,%,16.1,km/h,32.4,km/h,138,°,2026-03-25,iso8601
3b9f69a47969448ec90e6ff7dc849316,2026-03-25-20-05,10.8433,106.6149,2,wmo code,"Trời quang, có mây rải rác",34.4,°C,23.1,°C,38.1,°C,27.1,°C,2026-03-25T05:54,iso8601,2026-03-25T18:04,iso8601,9.3,0.0,mm,0,%,16.9,km/h,33.5,km/h,142,°,2026-03-25,iso8601
d8e73a0a5d9a67a181e31ed261d77952,2026-03-25-20-05,10.8692,106.5939,2,wmo code,"Trời quang, có mây rải rác",34.4,°C,23.1,°C,38.2,°C,27.1,°C,2026-03-25T05:54,iso8601,2026-03-25T18:04,iso8601,9.3,0.0,mm,0,%,16.9,km/h,33.5,km/h,142,°,2026-03-25,iso8601
b35eb933db0ef24870bf49dab891db5b,2026-03-25-20-05,10.7897,106.7122,2,wmo code,"Trời quang, có mây rải rác",33.9,°C,23.6,°C,37.4,°C,27.6,°C,2026-03-25T05:54,iso8601,2026-03-25T18:03,iso8601,9.25,0.0,mm,0,%,16.9,km/h,35.3,km/h,138,°,2026-03-25,iso8601
54e32883329e208e3adcde2159105a68,2026-03-25-20-05,10.7918,106.6959,2,wmo code,"Trời quang, có mây rải rác",33.8,°C,23.6,°C,37.4,°C,27.6,°C,2026-03-25T05:54,iso8601,2026-03-25T18:03,iso8601,9.3,0.0,mm,0,%,16.9,km/h,35.3,km/h,138,°,2026-03-25,iso8601
60823706c378f8042fc9c5041b936b84,2026-03-25-20-05,10.7712,106.6529,2,wmo code,"Trời quang, có mây rải rác",33.5,°C,23.0,°C,36.9,°C,27.1,°C,2026-03-25T05:54,iso8601,2026-03-25T18:04,iso8601,9.3,0.0,mm,0,%,16.1,km/h,32.4,km/h,138,°,2026-03-25,iso8601
bfc437a1fe8725c4ea25584d08ad8bb6,2026-03-25-20-05,10.8618,106.7959,2,wmo code,"Trời quang, có mây rải rác",34.4,°C,23.1,°C,38.2,°C,27.1,°C,2026-03-25T05:54,iso8601,2026-03-25T18:03,iso8601,9.25,0.0,mm,0,%,16.9,km/h,33.5,km/h,142,°,2026-03-25,iso8601
c53e64beb6af8275a56b2b4a30d6f9f4,2026-03-25-20-05,10.8146,106.679,2,wmo code,"Trời quang, có mây rải rác",34.3,°C,23.1,°C,38.1,°C,27.0,°C,2026-03-25T05:54,iso8601,2026-03-25T18:04,iso8601,9.3,0.0,mm,0,%,16.9,km/h,33.5,km/h,142,°,2026-03-25,iso8601
cb8f17d21348ad140c8a6868fb442f2f,2026-03-25-20-05,10.8181,106.6867,2,wmo code,"Trời quang, có mây rải rác",34.4,°C,23.1,°C,38.1,°C,27.1,°C,2026-03-25T05:54,iso8601,2026-03-25T18:04,iso8601,9.3,0.0,mm,0,%,16.9,km/h,33.5,km/h,142,°,2026-03-25,iso8601
abfcf67d913fad9e43c3bf2068eb5422,2026-03-25-20-05,10.7376,106.8142,2,wmo code,"Trời quang, có mây rải rác",34.3,°C,23.7,°C,38.1,°C,27.9,°C,2026-03-25T05:53,iso8601,2026-03-25T18:03,iso8601,9.25,0.0,mm,0,%,17.3,km/h,36.0,km/h,138,°,2026-03-25,iso8601
84422c631f5384d4e096f96f186a2a7d,2026-03-25-20-05,10.7572,106.6619,2,wmo code,"Trời quang, có mây rải rác",33.6,°C,23.1,°C,36.9,°C,27.1,°C,2026-03-25T05:54,iso8601,2026-03-25T18:04,iso8601,9.3,0.0,mm,0,%,16.1,km/h,32.4,km/h,138,°,2026-03-25,iso8601
1e1e73a5851e5963e4ea83aa60ceacce,2026-03-25-20-05,10.8267,106.6795,2,wmo code,"Trời quang, có mây rải rác",34.3,°C,23.1,°C,38.1,°C,27.0,°C,2026-03-25T05:54,iso8601,2026-03-25T18:04,iso8601,9.3,0.0,mm,0,%,16.9,km/h,33.5,km/h,142,°,2026-03-25,iso8601
a5f37f0263279eb53c979f4af8037db8,2026-03-25-20-05,10.8285,106.7887,2,wmo code,"Trời quang, có mây rải rác",34.5,°C,23.3,°C,38.3,°C,27.3,°C,2026-03-25T05:54,iso8601,2026-03-25T18:03,iso8601,9.25,0.0,mm,0,%,16.9,km/h,33.5,km/h,142,°,2026-03-25,iso8601
cdbbe68b75bb1a2f0301dd0e88b79d08,2026-03-25-20-05,10.7932,106.6591,2,wmo code,"Trời quang, có mây rải rác",33.6,°C,23.1,°C,36.9,°C,27.1,°C,2026-03-25T05:54,iso8601,2026-03-25T18:04,iso8601,9.3,0.0,mm,0,%,16.1,km/h,32.4,km/h,138,°,2026-03-25,iso8601
364573706454b6977a6ae34b10f00b3c,2026-03-25-20-05,10.7637,106.644,2,wmo code,"Trời quang, có mây rải rác",33.6,°C,23.1,°C,36.9,°C,27.1,°C,2026-03-25T05:54,iso8601,2026-03-25T18:04,iso8601,9.3,0.0,mm,0,%,16.1,km/h,32.4,km/h,138,°,2026-03-25,iso8601
d8ff2b0f0bf87975af40b356ad7e578e,2026-03-25-20-05,10.7348,106.718,2,wmo code,"Trời quang, có mây rải rác",33.9,°C,23.6,°C,37.4,°C,27.7,°C,2026-03-25T05:54,iso8601,2026-03-25T18:03,iso8601,9.25,0.0,mm,0,%,16.9,km/h,35.3,km/h,138,°,2026-03-25,iso8601
3c39db0c557be235aff028b5bb55ca41,2026-03-25-20-05,10.7581,106.6494,2,wmo code,"Trời quang, có mây rải rác",33.6,°C,23.1,°C,36.9,°C,27.1,°C,2026-03-25T05:54,iso8601,2026-03-25T18:04,iso8601,9.3,0.0,mm,0,%,16.1,km/h,32.4,km/h,138,°,2026-03-25,iso8601
2ee54e5ee76e59ff3f929020cdb1aca7,2026-03-25-20-05,10.7665,106.643,2,wmo code,"Trời quang, có mây rải rác",33.6,°C,23.1,°C,36.9,°C,27.1,°C,2026-03-25T05:54,iso8601,2026-03-25T18:04,iso8601,9.3,0.0,mm,0,%,16.1,km/h,32.4,km/h,138,°,2026-03-25,iso8601
d840e5c8084a9478d71d3c792ab8ddf3,2026-03-25-20-05,10.7932,106.7533,2,wmo code,"Trời quang, có mây rải rác",33.9,°C,23.6,°C,37.4,°C,27.7,°C,2026-03-25T05:54,iso8601,2026-03-25T18:03,iso8601,9.25,0.0,mm,0,%,16.9,km/h,35.3,km/h,138,°,2026-03-25,iso8601
bf49a14c2b009c4a36d6796e6015b9f2,2026-03-25-20-05,10.768,106.6679,2,wmo code,"Trời quang, có mây rải rác",33.6,°C,23.1,°C,36.9,°C,27.1,°C,2026-03-25T05:54,iso8601,2026-03-25T18:04,iso8601,9.3,0.0,mm,0,%,16.1,km/h,32.4,km/h,138,°,2026-03-25,iso8601
5d32a1ba4488a059cc3625a11957843c,2026-03-25-20-05,10.7924,106.7031,2,wmo code,"Trời quang, có mây rải rác",33.9,°C,23.6,°C,37.4,°C,27.7,°C,2026-03-25T05:54,iso8601,2026-03-25T18:03,iso8601,9.25,0.0,mm,0,%,16.9,km/h,35.3,km/h,138,°,2026-03-25,iso8601
c06a1b8efc6200d0966ed39c3cdeef25,2026-03-25-20-05,10.7658,106.6545,2,wmo code,"Trời quang, có mây rải rác",33.5,°C,23.0,°C,36.9,°C,27.1,°C,2026-03-25T05:54,iso8601,2026-03-25T18:04,iso8601,9.3,0.0,mm,0,%,16.1,km/h,32.4,km/h,138,°,2026-03-25,iso8601
df91e99c6228fca17cfad0853bd36ed5,2026-03-25-20-05,10.8375,106.6544,2,wmo code,"Trời quang, có mây rải rác",34.4,°C,23.1,°C,38.1,°C,27.0,°C,2026-03-25T05:54,iso8601,2026-03-25T18:04,iso8601,9.3,0.0,mm,0,%,16.9,km/h,33.5,km/h,142,°,2026-03-25,iso8601
781c8b16c457964f56e5df5fe4d2fe98,2026-03-25-20-05,10.8011,106.6194,2,wmo code,"Trời quang, có mây rải rác",33.6,°C,23.1,°C,37.0,°C,27.1,°C,2026-03-25T05:54,iso8601,2026-03-25T18:04,iso8601,9.3,0.0,mm,0,%,16.1,km/h,32.4,km/h,138,°,2026-03-25,iso8601
89010c15e8cbc3096319f581489764f3,2026-03-25-20-05,10.7879,106.6465,2,wmo code,"Trời quang, có mây rải rác",33.5,°C,23.0,°C,36.9,°C,27.1,°C,2026-03-25T05:54,iso8601,2026-03-25T18:04,iso8601,9.3,0.0,mm,0,%,16.1,km/h,32.4,km/h,138,°,2026-03-25,iso8601
d6b8f09cbdb2633014691a86e7ad5c65,2026-03-25-20-05,10.7585,106.6987,2,wmo code,"Trời quang, có mây rải rác",33.9,°C,23.6,°C,37.4,°C,27.7,°C,2026-03-25T05:54,iso8601,2026-03-25T18:03,iso8601,9.3,0.0,mm,0,%,16.9,km/h,35.3,km/h,138,°,2026-03-25,iso8601
03a9e6e61eb7dc11d5441a13e7065432,2026-03-25-20-05,10.8343,106.7813,2,wmo code,"Trời quang, có mây rải rác",34.5,°C,23.2,°C,38.3,°C,27.2,°C,2026-03-25T05:54,iso8601,2026-03-25T18:03,iso8601,9.25,0.0,mm,0,%,16.9,km/h,33.5,km/h,142,°,2026-03-25,iso8601
26ab458d485349580f5ada61278363de,2026-03-25-20-05,10.7566,106.6698,2,wmo code,"Trời quang, có mây rải rác",33.5,°C,23.0,°C,36.8,°C,27.0,°C,2026-03-25T05:54,iso8601,2026-03-25T18:04,iso8601,9.3,0.0,mm,0,%,16.1,km/h,32.4,km/h,138,°,2026-03-25,iso8601
009679450cd5669cc80d7892fd165528,2026-03-25-20-05,10.77,106.6705,2,wmo code,"Trời quang, có mây rải rác",33.6,°C,23.1,°C,36.9,°C,27.1,°C,2026-03-25T05:54,iso8601,2026-03-25T18:04,iso8601,9.3,0.0,mm,0,%,16.1,km/h,32.4,km/h,138,°,2026-03-25,iso8601
845ae7048313c76a2823b14517852eea,2026-03-25-20-05,10.7598,106.694,2,wmo code,"Trời quang, có mây rải rác",33.9,°C,23.6,°C,37.4,°C,27.7,°C,2026-03-25T05:54,iso8601,2026-03-25T18:03,iso8601,9.3,0.0,mm,0,%,16.9,km/h,35.3,km/h,138,°,2026-03-25,iso8601
72748935effec2442f680715600ec526,2026-03-25-20-05,10.7592,106.634,2,wmo code,"Trời quang, có mây rải rác",33.6,°C,23.1,°C,36.9,°C,27.1,°C,2026-03-25T05:54,iso8601,2026-03-25T18:04,iso8601,9.3,0.0,mm,0,%,16.1,km/h,32.4,km/h,138,°,2026-03-25,iso8601
a2cccef91be1cadd67978340b2bdda30,2026-03-25-20-05,10.8126,106.5776,2,wmo code,"Trời quang, có mây rải rác",34.4,°C,23.2,°C,38.2,°C,27.1,°C,2026-03-25T05:54,iso8601,2026-03-25T18:04,iso8601,9.25,0.0,mm,0,%,16.9,km/h,33.5,km/h,142,°,2026-03-25,iso8601
45a5f0ce435f0ecbc44a6cbfaf5a3440,2026-03-25-20-05,10.861,106.7421,2,wmo code,"Trời quang, có mây rải rác",34.5,°C,23.3,°C,38.3,°C,27.3,°C,2026-03-25T05:54,iso8601,2026-03-25T18:03,iso8601,9.25,0.0,mm,0,%,16.9,km/h,33.5,km/h,142,°,2026-03-25,iso8601
f27d392adb5daeb407269666383bc04f,2026-03-25-20-05,10.7817,106.6793,2,wmo code,"Trời quang, có mây rải rác",33.6,°C,23.1,°C,36.9,°C,27.1,°C,2026-03-25T05:54,iso8601,2026-03-25T18:04,iso8601,9.3,0.0,mm,0,%,16.1,km/h,32.4,km/h,138,°,2026-03-25,iso8601
6bf7cd756f6d8d56e519299551a7a4cc,2026-03-25-20-05,10.7998,106.7319,2,wmo code,"Trời quang, có mây rải rác",33.9,°C,23.6,°C,37.4,°C,27.7,°C,2026-03-25T05:54,iso8601,2026-03-25T18:03,iso8601,9.25,0.0,mm,0,%,16.9,km/h,35.3,km/h,138,°,2026-03-25,iso8601
d6583cef8c19683b634ea1233c2d9b03,2026-03-25-20-05,10.7957,106.6756,2,wmo code,"Trời quang, có mây rải rác",33.6,°C,23.1,°C,36.9,°C,27.1,°C,2026-03-25T05:54,iso8601,2026-03-25T18:04,iso8601,9.3,0.0,mm,0,%,16.1,km/h,32.4,km/h,138,°,2026-03-25,iso8601
27d44fb2b3217cd2af1197a6840ae28f,2026-03-25-20-05,10.803,106.7101,2,wmo code,"Trời quang, có mây rải rác",33.9,°C,23.6,°C,37.4,°C,27.7,°C,2026-03-25T05:54,iso8601,2026-03-25T18:03,iso8601,9.25,0.0,mm,0,%,16.9,km/h,35.3,km/h,138,°,2026-03-25,iso8601
a609c168641c7d2add8dbe3234cc80f7,2026-03-25-20-05,10.7593,106.6804,2,wmo code,"Trời quang, có mây rải rác",33.5,°C,23.0,°C,36.9,°C,27.0,°C,2026-03-25T05:54,iso8601,2026-03-25T18:04,iso8601,9.3,0.0,mm,0,%,16.1,km/h,32.4,km/h,138,°,2026-03-25,iso8601
7f8b583c5b4428827747d1af9e579b87,2026-03-25-20-05,10.829,106.7223,2,wmo code,"Trời quang, có mây rải rác",34.5,°C,23.3,°C,38.3,°C,27.3,°C,2026-03-25T05:54,iso8601,2026-03-25T18:03,iso8601,9.25,0.0,mm,0,%,16.9,km/h,33.5,km/h,142,°,2026-03-25,iso8601
4c92558bd4417d93aa2219f301e1ef14,2026-03-25-20-05,10.8752,106.6035,2,wmo code,"Trời quang, có mây rải rác",34.4,°C,23.1,°C,38.2,°C,27.1,°C,2026-03-25T05:54,iso8601,2026-03-25T18:04,iso8601,9.3,0.0,mm,0,%,16.9,km/h,33.5,km/h,142,°,2026-03-25,iso8601
8b17cd945b85bbcd43656e3bf38630fb,2026-03-25-20-05,10.7859,106.8534,2,wmo code,"Trời quang, có mây rải rác",34.3,°C,23.7,°C,38.1,°C,27.8,°C,2026-03-25T05:53,iso8601,2026-03-25T18:03,iso8601,9.25,0.0,mm,0,%,17.3,km/h,36.0,km/h,138,°,2026-03-25,iso8601
6382753a049d38d3dd0ab1586b8521f2,2026-03-25-20-05,10.7821,106.6568,2,wmo code,"Trời quang, có mây rải rác",33.5,°C,23.0,°C,36.9,°C,27.1,°C,2026-03-25T05:54,iso8601,2026-03-25T18:04,iso8601,9.3,0.0,mm,0,%,16.1,km/h,32.4,km/h,138,°,2026-03-25,iso8601
ddba054645927d488ac5ce38f7733b99,2026-03-25-20-05,10.7605,106.6771,2,wmo code,"Trời quang, có mây rải rác",33.6,°C,23.1,°C,36.9,°C,27.1,°C,2026-03-25T05:54,iso8601,2026-03-25T18:04,iso8601,9.3,0.0,mm,0,%,16.1,km/h,32.4,km/h,138,°,2026-03-25,iso8601
9724a40a02e52298459bb51cb91e8b7a,2026-03-25-20-05,10.7529,106.6714,2,wmo code,"Trời quang, có mây rải rác",33.5,°C,23.0,°C,36.9,°C,27.1,°C,2026-03-25T05:54,iso8601,2026-03-25T18:04,iso8601,9.3,0.0,mm,0,%,16.1,km/h,32.4,km/h,138,°,2026-03-25,iso8601
d3909245c1ca175af9d20da52ea53220,2026-03-25-20-05,10.7246,106.716,2,wmo code,"Trời quang, có mây rải rác",33.9,°C,23.6,°C,37.4,°C,27.7,°C,2026-03-25T05:54,iso8601,2026-03-25T18:03,iso8601,9.25,0.0,mm,0,%,16.9,km/h,35.3,km/h,138,°,2026-03-25,iso8601
cb19f4ec4fb65fd0ede65fb5ba4bb487,2026-03-25-20-05,10.7883,106.6851,2,wmo code,"Trời quang, có mây rải rác",33.6,°C,23.1,°C,36.9,°C,27.1,°C,2026-03-25T05:54,iso8601,2026-03-25T18:04,iso8601,9.3,0.0,mm,0,%,16.1,km/h,32.4,km/h,138,°,2026-03-25,iso8601
1c06c9b1c35e32e20617999cff375488,2026-03-25-20-05,10.8094,106.7558,2,wmo code,"Trời quang, có mây rải rác",33.9,°C,23.6,°C,37.4,°C,27.7,°C,2026-03-25T05:54,iso8601,2026-03-25T18:03,iso8601,9.25,0.0,mm,0,%,16.9,km/h,35.3,km/h,138,°,2026-03-25,iso8601
70c4bc5a0849c2df4cb224daea730d5a,2026-03-25-20-05,10.7237,106.6011,2,wmo code,"Trời quang, có mây rải rác",33.6,°C,23.1,°C,37.0,°C,27.2,°C,2026-03-25T05:54,iso8601,2026-03-25T18:04,iso8601,9.3,0.0,mm,0,%,16.1,km/h,32.4,km/h,138,°,2026-03-25,iso8601
577bf0da1ce62e619371425b69eb5ea1,2026-03-25-20-05,10.8579,106.7878,2,wmo code,"Trời quang, có mây rải rác",34.5,°C,23.2,°C,38.3,°C,27.2,°C,2026-03-25T05:54,iso8601,2026-03-25T18:03,iso8601,9.25,0.0,mm,0,%,16.9,km/h,33.5,km/h,142,°,2026-03-25,iso8601
36f0793dfa3b722599200d458bd014aa,2026-03-25-20-05,10.7774,106.6659,2,wmo code,"Trời quang, có mây rải rác",33.5,°C,23.0,°C,36.9,°C,27.1,°C,2026-03-25T05:54,iso8601,2026-03-25T18:04,iso8601,9.3,0.0,mm,0,%,16.1,km/h,32.4,km/h,138,°,2026-03-25,iso8601
b0cadec1091304c426623c131ff84b47,2026-03-25-20-05,10.7748,106.7065,2,wmo code,"Trời quang, có mây rải rác",33.8,°C,23.6,°C,37.4,°C,27.6,°C,2026-03-25T05:54,iso8601,2026-03-25T18:03,iso8601,9.25,0.0,mm,0,%,16.9,km/h,35.3,km/h,138,°,2026-03-25,iso8601
3b8503c98906d29b3dc213c8b61b3094,2026-03-25-20-05,10.7614,106.6685,2,wmo code,"Trời quang, có mây rải rác",33.5,°C,23.0,°C,36.9,°C,27.1,°C,2026-03-25T05:54,iso8601,2026-03-25T18:04,iso8601,9.3,0.0,mm,0,%,16.1,km/h,32.4,km/h,138,°,2026-03-25,iso8601
0d75079eb78984f37854f4810843277e,2026-03-25-20-05,10.7911,106.6826,2,wmo code,"Trời quang, có mây rải rác",33.6,°C,23.1,°C,37.0,°C,27.2,°C,2026-03-25T05:54,iso8601,2026-03-25T18:04,iso8601,9.3,0.0,mm,0,%,16.1,km/h,32.4,km/h,138,°,2026-03-25,iso8601
eec9f602f390a983b7168d8f462f8628,2026-03-25-20-05,10.7936,106.652,2,wmo code,"Trời quang, có mây rải rác",33.5,°C,23.0,°C,36.9,°C,27.1,°C,2026-03-25T05:54,iso8601,2026-03-25T18:04,iso8601,9.3,0.0,mm,0,%,16.1,km/h,32.4,km/h,138,°,2026-03-25,iso8601
c2fce3720560919f0edc308e66c79f50,2026-03-25-20-05,10.762,106.657,2,wmo code,"Trời quang, có mây rải rác",33.6,°C,23.1,°C,36.9,°C,27.1,°C,2026-03-25T05:54,iso8601,2026-03-25T18:04,iso8601,9.3,0.0,mm,0,%,16.1,km/h,32.4,km/h,138,°,2026-03-25,iso8601
d2815cdb6defdaf25bcf120055274711,2026-03-25-20-05,10.8878,106.5981,2,wmo code,"Trời quang, có mây rải rác",34.4,°C,23.2,°C,38.2,°C,27.1,°C,2026-03-25T05:54,iso8601,2026-03-25T18:04,iso8601,9.3,0.0,mm,0,%,16.9,km/h,33.5,km/h,142,°,2026-03-25,iso8601
268a920a92850452241197e08b870a5f,2026-03-25-20-05,10.7522,106.6633,2,wmo code,"Trời quang, có mây rải rác",33.5,°C,23.0,°C,36.9,°C,27.1,°C,2026-03-25T05:54,iso8601,2026-03-25T18:04,iso8601,9.3,0.0,mm,0,%,16.1,km/h,32.4,km/h,138,°,2026-03-25,iso8601
f022a7d9fd692cd2af3ead98c7582eee,2026-03-25-20-05,10.8552,106.6072,2,wmo code,"Trời quang, có mây rải rác",34.4,°C,23.1,°C,38.1,°C,27.1,°C,2026-03-25T05:54,iso8601,2026-03-25T18:04,iso8601,9.3,0.0,mm,0,%,16.9,km/h,33.5,km/h,142,°,2026-03-25,iso8601
8ec1e95e83899eb20731578de84b57c7,2026-03-25-20-05,10.8709,106.7329,2,wmo code,"Trời quang, có mây rải rác",34.5,°C,23.3,°C,38.3,°C,27.3,°C,2026-03-25T05:54,iso8601,2026-03-25T18:03,iso8601,9.25,0.0,mm,0,%,16.9,km/h,33.5,km/h,142,°,2026-03-25,iso8601
c3215633a558ad6ac300609ca953bd94,2026-03-25-20-05,10.7887,106.7035,2,wmo code,"Trời quang, có mây rải rác",33.8,°C,23.6,°C,37.3,°C,27.6,°C,2026-03-25T05:54,iso8601,2026-03-25T18:03,iso8601,9.25,0.0,mm,0,%,16.9,km/h,35.3,km/h,138,°,2026-03-25,iso8601
565705c0eed96a1a9a86d19728864b8e,2026-03-25-20-05,10.7842,106.6392,2,wmo code,"Trời quang, có mây rải rác",33.5,°C,23.0,°C,36.9,°C,27.1,°C,2026-03-25T05:54,iso8601,2026-03-25T18:04,iso8601,9.3,0.0,mm,0,%,16.1,km/h,32.4,km/h,138,°,2026-03-25,iso8601
1f44fb04b5944655da7f198ac258e82d,2026-03-25-20-05,10.7989,106.7286,2,wmo code,"Trời quang, có mây rải rác",33.9,°C,23.7,°C,37.5,°C,27.7,°C,2026-03-25T05:54,iso8601,2026-03-25T18:03,iso8601,9.25,0.0,mm,0,%,16.9,km/h,35.3,km/h,138,°,2026-03-25,iso8601
9eb7d002bf67659a94abdec50d79d48d,2026-03-25-20-05,10.8599,106.6176,2,wmo code,"Trời quang, có mây rải rác",34.4,°C,23.1,°C,38.1,°C,27.1,°C,2026-03-25T05:54,iso8601,2026-03-25T18:04,iso8601,9.3,0.0,mm,0,%,16.9,km/h,33.5,km/h,142,°,2026-03-25,iso8601
418457226cadd3afae1b65cab44e1785,2026-03-25-20-05,10.8428,106.8287,2,wmo code,"Trời quang, có mây rải rác",34.7,°C,23.1,°C,39.1,°C,27.2,°C,2026-03-25T05:53,iso8601,2026-03-25T18:03,iso8601,9.25,0.0,mm,0,%,16.0,km/h,32.8,km/h,141,°,2026-03-25,iso8601
64991b3007d81e6b8fbb43f1a76dceeb,2026-03-25-20-05,10.7576,106.6741,2,wmo code,"Trời quang, có mây rải rác",33.5,°C,23.0,°C,36.9,°C,27.1,°C,2026-03-25T05:54,iso8601,2026-03-25T18:04,iso8601,9.3,0.0,mm,0,%,16.1,km/h,32.4,km/h,138,°,2026-03-25,iso8601
04333fe7c5c67cf08d89fe0bc6d041fa,2026-03-25-20-05,10.7311,106.7123,2,wmo code,"Trời quang, có mây rải rác",33.9,°C,23.6,°C,37.4,°C,27.7,°C,2026-03-25T05:54,iso8601,2026-03-25T18:03,iso8601,9.25,0.0,mm,0,%,16.9,km/h,35.3,km/h,138,°,2026-03-25,iso8601
a27d6f142e0e8d4af8e0ea7b1e45798e,2026-03-25-20-05,10.7538,106.6538,2,wmo code,"Trời quang, có mây rải rác",33.5,°C,23.0,°C,36.9,°C,27.1,°C,2026-03-25T05:54,iso8601,2026-03-25T18:04,iso8601,9.3,0.0,mm,0,%,16.1,km/h,32.4,km/h,138,°,2026-03-25,iso8601
565705c0eed96a1a9a86d19728864b8e,2026-03-25-20-05,10.7737,106.6216,2,wmo code,"Trời quang, có mây rải rác",33.6,°C,23.1,°C,36.9,°C,27.1,°C,2026-03-25T05:54,iso8601,2026-03-25T18:04,iso8601,9.3,0.0,mm,0,%,16.1,km/h,32.4,km/h,138,°,2026-03-25,iso8601
ea14fc6b6273dcb810b2b2df002c6e95,2026-03-25-20-05,10.7782,106.6809,2,wmo code,"Trời quang, có mây rải rác",33.6,°C,23.1,°C,36.9,°C,27.1,°C,2026-03-25T05:54,iso8601,2026-03-25T18:04,iso8601,9.3,0.0,mm,0,%,16.1,km/h,32.4,km/h,138,°,2026-03-25,iso8601
adf40601c9de600d25b9039e2177ac82,2026-03-25-20-05,10.7911,106.7058,2,wmo code,"Trời quang, có mây rải rác",33.8,°C,23.6,°C,37.4,°C,27.6,°C,2026-03-25T05:54,iso8601,2026-03-25T18:03,iso8601,9.25,0.0,mm,0,%,16.9,km/h,35.3,km/h,138,°,2026-03-25,iso8601
477515b82122a24851cb9c5e7721ea60,2026-03-25-20-05,10.7895,106.7122,2,wmo code,"Trời quang, có mây rải rác",33.9,°C,23.6,°C,37.4,°C,27.6,°C,2026-03-25T05:54,iso8601,2026-03-25T18:03,iso8601,9.25,0.0,mm,0,%,16.9,km/h,35.3,km/h,138,°,2026-03-25,iso8601
768246f05b046c8c9df0bb29fc350b45,2026-03-25-20-05,10.8214,106.6888,2,wmo code,"Trời quang, có mây rải rác",34.4,°C,23.2,°C,38.2,°C,27.1,°C,2026-03-25T05:54,iso8601,2026-03-25T18:03,iso8601,9.3,0.0,mm,0,%,16.9,km/h,33.5,km/h,142,°,2026-03-25,iso8601
abf24fca2d3869eb971bafb161220298,2026-03-25-20-05,10.6891,106.6237,2,wmo code,"Trời quang, có mây rải rác",33.6,°C,23.1,°C,37.0,°C,27.2,°C,2026-03-25T05:54,iso8601,2026-03-25T18:04,iso8601,9.3,0.0,mm,0,%,16.1,km/h,32.4,km/h,138,°,2026-03-25,iso8601
45b1b3b95545b4b05224dd0d92480fd6,2026-03-25-20-05,10.8296,106.5951,2,wmo code,"Trời quang, có mây rải rác",34.4,°C,23.2,°C,38.2,°C,27.1,°C,2026-03-25T05:54,iso8601,2026-03-25T18:04,iso8601,9.3,0.0,mm,0,%,16.9,km/h,33.5,km/h,142,°,2026-03-25,iso8601
cbadfd14b7db0b0b93dcc7c35c27bfea,2026-03-25-20-05,10.8588,106.6797,2,wmo code,"Trời quang, có mây rải rác",34.4,°C,23.2,°C,38.2,°C,27.1,°C,2026-03-25T05:54,iso8601,2026-03-25T18:04,iso8601,9.3,0.0,mm,0,%,16.9,km/h,33.5,km/h,142,°,2026-03-25,iso8601
d6cd77b733df1b8a42e6d92e31d647a2,2026-03-25-20-05,10.8119,106.8597,2,wmo code,"Trời quang, có mây rải rác",34.3,°C,23.7,°C,38.1,°C,27.8,°C,2026-03-25T05:53,iso8601,2026-03-25T18:03,iso8601,9.25,0.0,mm,0,%,17.3,km/h,36.0,km/h,138,°,2026-03-25,iso8601
5f4ad30047f2f96391c68e1f137624c7,2026-03-25-20-05,10.8083,106.6345,2,wmo code,"Trời quang, có mây rải rác",33.6,°C,23.1,°C,36.9,°C,27.1,°C,2026-03-25T05:54,iso8601,2026-03-25T18:04,iso8601,9.3,0.0,mm,0,%,16.1,km/h,32.4,km/h,138,°,2026-03-25,iso8601
7c3f006884ec418918d5f7736a3a07ff,2026-03-25-20-05,10.7669,106.6739,2,wmo code,"Trời quang, có mây rải rác",33.5,°C,23.0,°C,36.9,°C,27.1,°C,2026-03-25T05:54,iso8601,2026-03-25T18:04,iso8601,9.3,0.0,mm,0,%,16.1,km/h,32.4,km/h,138,°,2026-03-25,iso8601
6b2c88b561aea1b33901f3e7621609a6,2026-03-25-20-05,10.8701,106.7634,2,wmo code,"Trời quang, có mây rải rác",34.3,°C,23.1,°C,38.0,°C,27.0,°C,2026-03-25T05:54,iso8601,2026-03-25T18:03,iso8601,9.25,0.0,mm,0,%,16.9,km/h,33.5,km/h,142,°,2026-03-25,iso8601
956280fad4dc9b188c4600632250573e,2026-03-25-20-05,10.8,106.6711,2,wmo code,"Trời quang, có mây rải rác",33.6,°C,23.1,°C,36.9,°C,27.1,°C,2026-03-25T05:54,iso8601,2026-03-25T18:04,iso8601,9.3,0.0,mm,0,%,16.1,km/h,32.4,km/h,138,°,2026-03-25,iso8601
1fa36dd030c0bc95440c70597984b5d3,2026-03-25-20-05,10.7929,106.6959,2,wmo code,"Trời quang, có mây rải rác",33.9,°C,23.6,°C,37.4,°C,27.7,°C,2026-03-25T05:54,iso8601,2026-03-25T18:03,iso8601,9.3,0.0,mm,0,%,16.9,km/h,35.3,km/h,138,°,2026-03-25,iso8601
76ad16bdde3e94469382285b76b17a4b,2026-03-25-20-05,10.7887,106.6529,2,wmo code,"Trời quang, có mây rải rác",33.5,°C,23.0,°C,36.9,°C,27.0,°C,2026-03-25T05:54,iso8601,2026-03-25T18:04,iso8601,9.3,0.0,mm,0,%,16.1,km/h,32.4,km/h,138,°,2026-03-25,iso8601
2750d3a201062d7deb2e154049891644,2026-03-25-20-05,10.8085,106.7555,2,wmo code,"Trời quang, có mây rải rác",33.9,°C,23.6,°C,37.4,°C,27.7,°C,2026-03-25T05:54,iso8601,2026-03-25T18:03,iso8601,9.25,0.0,mm,0,%,16.9,km/h,35.3,km/h,138,°,2026-03-25,iso8601
daaeaeb9ed3c25549d5261ad2fe56800,2026-03-25-20-05,10.8385,106.68,2,wmo code,"Trời quang, có mây rải rác",34.4,°C,23.1,°C,38.1,°C,27.0,°C,2026-03-25T05:54,iso8601,2026-03-25T18:04,iso8601,9.3,0.0,mm,0,%,16.9,km/h,33.5,km/h,142,°,2026-03-25,iso8601
825f23a7733d072ca8abdaf46deff460,2026-03-25-20-05,10.7679,106.6745,2,wmo code,"Trời quang, có mây rải rác",33.5,°C,23.0,°C,36.9,°C,27.1,°C,2026-03-25T05:54,iso8601,2026-03-25T18:04,iso8601,9.3,0.0,mm,0,%,16.1,km/h,32.4,km/h,138,°,2026-03-25,iso8601
63a550addce33e07b50e3eeba744163b,2026-03-25-20-05,10.7927,106.6967,2,wmo code,"Trời quang, có mây rải rác",33.9,°C,23.6,°C,37.4,°C,27.7,°C,2026-03-25T05:54,iso8601,2026-03-25T18:03,iso8601,9.3,0.0,mm,0,%,16.9,km/h,35.3,km/h,138,°,2026-03-25,iso8601
d47ab17a4d2eef912cf5956300fb8bf4,2026-03-25-20-05,10.7683,106.7031,2,wmo code,"Trời quang, có mây rải rác",33.9,°C,23.6,°C,37.4,°C,27.7,°C,2026-03-25T05:54,iso8601,2026-03-25T18:03,iso8601,9.25,0.0,mm,0,%,16.9,km/h,35.3,km/h,138,°,2026-03-25,iso8601
e4f9d9ee24eae3af1cf0ee65e59da33e,2026-03-25-20-05,10.8055,106.7543,2,wmo code,"Trời quang, có mây rải rác",33.9,°C,23.6,°C,37.4,°C,27.7,°C,2026-03-25T05:54,iso8601,2026-03-25T18:03,iso8601,9.25,0.0,mm,0,%,16.9,km/h,35.3,km/h,138,°,2026-03-25,iso8601
5c51bd0879f76d1245798ec9893915e5,2026-03-25-20-05,10.8777,106.6783,2,wmo code,"Trời quang, có mây rải rác",34.4,°C,23.2,°C,38.2,°C,27.1,°C,2026-03-25T05:54,iso8601,2026-03-25T18:04,iso8601,9.3,0.0,mm,0,%,16.9,km/h,33.5,km/h,142,°,2026-03-25,iso8601
2e7b0341cc7b2135881d31cacb53f4b1,2026-03-25-20-05,10.7333,106.82,2,wmo code,"Trời quang, có mây rải rác",34.3,°C,23.7,°C,38.1,°C,27.8,°C,2026-03-25T05:53,iso8601,2026-03-25T18:03,iso8601,9.25,0.0,mm,0,%,17.3,km/h,36.0,km/h,138,°,2026-03-25,iso8601
72548d296167e0108602dcb5321ed5d4,2026-03-25-20-05,10.8504,106.7545,2,wmo code,"Trời quang, có mây rải rác",34.5,°C,23.2,°C,38.3,°C,27.2,°C,2026-03-25T05:54,iso8601,2026-03-25T18:03,iso8601,9.25,0.0,mm,0,%,16.9,km/h,33.5,km/h,142,°,2026-03-25,iso8601
21f2a5bd885c29140b3db6a80aa34148,2026-03-25-20-05,10.7521,106.6082,2,wmo code,"Trời quang, có mây rải rác",33.6,°C,23.1,°C,36.9,°C,27.1,°C,2026-03-25T05:54,iso8601,2026-03-25T18:04,iso8601,9.3,0.0,mm,0,%,16.1,km/h,32.4,km/h,138,°,2026-03-25,iso8601
85c0177549130dc5436814e4cde6fb3a,2026-03-25-20-05,10.7521,106.6496,2,wmo code,"Trời quang, có mây rải rác",33.5,°C,23.0,°C,36.9,°C,27.1,°C,2026-03-25T05:54,iso8601,2026-03-25T18:04,iso8601,9.3,0.0,mm,0,%,16.1,km/h,32.4,km/h,138,°,2026-03-25,iso8601
931e092078f2614a71934d3a4ec00d60,2026-03-25-20-05,10.7983,106.725,2,wmo code,"Trời quang, có mây rải rác",33.9,°C,23.6,°C,37.4,°C,27.7,°C,2026-03-25T05:54,iso8601,2026-03-25T18:03,iso8601,9.25,0.0,mm,0,%,16.9,km/h,35.3,km/h,138,°,2026-03-25,iso8601
608546c09584d04780051ef25b4d4be4,2026-03-25-20-05,10.8739,106.8076,2,wmo code,"Trời quang, có mây rải rác",34.3,°C,23.1,°C,38.1,°C,27.0,°C,2026-03-25T05:54,iso8601,2026-03-25T18:03,iso8601,9.25,0.0,mm,0,%,16.9,km/h,33.5,km/h,142,°,2026-03-25,iso8601
b21b9defc7b6a2819b3490e827421fde,2026-03-25-20-05,10.7448,106.5384,2,wmo code,"Trời quang, có mây rải rác",33.9,°C,23.0,°C,37.3,°C,27.0,°C,2026-03-25T05:55,iso8601,2026-03-25T18:04,iso8601,9.3,0.0,mm,0,%,16.9,km/h,32.4,km/h,140,°,2026-03-25,iso8601
0ba552a3c2f0087ed6e8e2aea0968a05,2026-03-25-20-05,10.7454,106.6239,2,wmo code,"Trời quang, có mây rải rác",33.6,°C,23.1,°C,36.9,°C,27.1,°C,2026-03-25T05:54,iso8601,2026-03-25T18:04,iso8601,9.3,0.0,mm,0,%,16.1,km/h,32.4,km/h,138,°,2026-03-25,iso8601
4c6fa1feb7bf68d7cde9f86a84e33c69,2026-03-25-20-05,10.7647,106.6921,2,wmo code,"Trời quang, có mây rải rác",33.8,°C,23.6,°C,37.4,°C,27.6,°C,2026-03-25T05:54,iso8601,2026-03-25T18:03,iso8601,9.3,0.0,mm,0,%,16.9,km/h,35.3,km/h,138,°,2026-03-25,iso8601
9e18201f1be98d0c782e9d6cb8286cf4,2026-03-25-20-05,10.7519,106.659,2,wmo code,"Trời quang, có mây rải rác",33.5,°C,23.0,°C,36.9,°C,27.1,°C,2026-03-25T05:54,iso8601,2026-03-25T18:04,iso8601,9.3,0.0,mm,0,%,16.1,km/h,32.4,km/h,138,°,2026-03-25,iso8601
46df3fab6fa51b6145d3294fe13f6ae1,2026-03-25-20-05,10.7866,106.8439,2,wmo code,"Trời quang, có mây rải rác",34.3,°C,23.7,°C,38.1,°C,27.9,°C,2026-03-25T05:53,iso8601,2026-03-25T18:03,iso8601,9.25,0.0,mm,0,%,17.3,km/h,36.0,km/h,138,°,2026-03-25,iso8601
7642b13b19d9c6929cf66e4bf469be97,2026-03-25-20-05,10.8833,106.8006,2,wmo code,"Trời quang, có mây rải rác",34.4,°C,23.1,°C,38.2,°C,27.1,°C,2026-03-25T05:54,iso8601,2026-03-25T18:03,iso8601,9.25,0.0,mm,0,%,16.9,km/h,33.5,km/h,142,°,2026-03-25,iso8601
b68ce6b2e73ca7d6d966cdc718ffa5de,2026-03-25-20-05,10.8874,106.7382,2,wmo code,"Trời quang, có mây rải rác",34.4,°C,23.1,°C,38.2,°C,27.1,°C,2026-03-25T05:54,iso8601,2026-03-25T18:03,iso8601,9.25,0.0,mm,0,%,16.9,km/h,33.5,km/h,142,°,2026-03-25,iso8601
f2609aacda44e4aac4485abab0d13392,2026-03-25-20-05,10.8642,106.7664,2,wmo code,"Trời quang, có mây rải rác",34.3,°C,23.1,°C,38.0,°C,26.9,°C,2026-03-25T05:54,iso8601,2026-03-25T18:03,iso8601,9.25,0.0,mm,0,%,16.9,km/h,33.5,km/h,142,°,2026-03-25,iso8601
2947a56d595711934870681ef813b92f,2026-03-25-20-05,10.756,106.7606,2,wmo code,"Trời quang, có mây rải rác",33.9,°C,23.7,°C,37.5,°C,27.7,°C,2026-03-25T05:54,iso8601,2026-03-25T18:03,iso8601,9.25,0.0,mm,0,%,16.9,km/h,35.3,km/h,138,°,2026-03-25,iso8601
bcc920cc86be8735dfd10dea8cc8b01a,2026-03-25-20-05,10.8188,106.7582,2,wmo code,"Trời quang, có mây rải rác",34.5,°C,23.3,°C,38.3,°C,27.3,°C,2026-03-25T05:54,iso8601,2026-03-25T18:03,iso8601,9.25,0.0,mm,0,%,16.9,km/h,33.5,km/h,142,°,2026-03-25,iso8601
4a1e1f62c0f4ce9beafe5c16329f13aa,2026-03-25-20-05,10.7577,106.6438,2,wmo code,"Trời quang, có mây rải rác",33.6,°C,23.1,°C,36.9,°C,27.1,°C,2026-03-25T05:54,iso8601,2026-03-25T18:04,iso8601,9.3,0.0,mm,0,%,16.1,km/h,32.4,km/h,138,°,2026-03-25,iso8601
d7f27be5c14169277ddc06ff1efcfaa9,2026-03-25-20-05,10.7358,106.6894,2,wmo code,"Trời quang, có mây rải rác",33.9,°C,23.6,°C,37.4,°C,27.7,°C,2026-03-25T05:54,iso8601,2026-03-25T18:03,iso8601,9.3,0.0,mm,0,%,16.9,km/h,35.3,km/h,138,°,2026-03-25,iso8601
3ed425b7d9e8056f527d3a345c0cca5f,2026-03-25-20-05,10.7928,106.6936,2,wmo code,"Trời quang, có mây rải rác",33.8,°C,23.6,°C,37.4,°C,27.6,°C,2026-03-25T05:54,iso8601,2026-03-25T18:03,iso8601,9.3,0.0,mm,0,%,16.9,km/h,35.3,km/h,138,°,2026-03-25,iso8601
a13da71a21bb4eeb4c4f80885a4aac94,2026-03-25-20-05,10.8497,106.588,2,wmo code,"Trời quang, có mây rải rác",34.4,°C,23.2,°C,38.2,°C,27.1,°C,2026-03-25T05:54,iso8601,2026-03-25T18:04,iso8601,9.3,0.0,mm,0,%,16.9,km/h,33.5,km/h,142,°,2026-03-25,iso8601
5a29d9e1c0f7c90a5c22fb3e69f612f8,2026-03-25-20-05,10.836,106.6605,2,wmo code,"Trời quang, có mây rải rác",34.4,°C,23.1,°C,38.1,°C,27.0,°C,2026-03-25T05:54,iso8601,2026-03-25T18:04,iso8601,9.3,0.0,mm,0,%,16.9,km/h,33.5,km/h,142,°,2026-03-25,iso8601
f8ee7133cfe997e68f6ffe6ccfe071fa,2026-03-25-20-05,10.8838,106.8005,2,wmo code,"Trời quang, có mây rải rác",34.4,°C,23.1,°C,38.1,°C,27.1,°C,2026-03-25T05:54,iso8601,2026-03-25T18:03,iso8601,9.25,0.0,mm,0,%,16.9,km/h,33.5,km/h,142,°,2026-03-25,iso8601
2331810cce9f2f72825928a584de44d2,2026-03-25-20-05,10.753,106.6686,2,wmo code,"Trời quang, có mây rải rác",33.6,°C,23.1,°C,36.9,°C,27.1,°C,2026-03-25T05:54,iso8601,2026-03-25T18:04,iso8601,9.3,0.0,mm,0,%,16.1,km/h,32.4,km/h,138,°,2026-03-25,iso8601
969830c68d13ebb9e778fa22de3c6db3,2026-03-25-20-05,10.8045,106.578,2,wmo code,"Trời quang, có mây rải rác",33.6,°C,23.1,°C,37.0,°C,27.1,°C,2026-03-25T05:54,iso8601,2026-03-25T18:04,iso8601,9.25,0.0,mm,0,%,16.1,km/h,32.4,km/h,138,°,2026-03-25,iso8601
b8069a7f32571a0668f406ccbc79345e,2026-03-25-20-05,10.8026,106.6354,2,wmo code,"Trời quang, có mây rải rác",33.5,°C,23.0,°C,36.9,°C,27.1,°C,2026-03-25T05:54,iso8601,2026-03-25T18:04,iso8601,9.3,0.0,mm,0,%,16.1,km/h,32.4,km/h,138,°,2026-03-25,iso8601
0239f300f8d0fef3e5e31b4a2bc3b676,2026-03-25-20-05,10.8045,106.7521,2,wmo code,"Trời quang, có mây rải rác",33.9,°C,23.6,°C,37.4,°C,27.7,°C,2026-03-25T05:54,iso8601,2026-03-25T18:03,iso8601,9.25,0.0,mm,0,%,16.9,km/h,35.3,km/h,138,°,2026-03-25,iso8601
3ddb589d23f70a8855728e4502f9150f,2026-03-25-20-05,10.7467,106.6604,2,wmo code,"Trời quang, có mây rải rác",33.6,°C,23.1,°C,36.9,°C,27.1,°C,2026-03-25T05:54,iso8601,2026-03-25T18:04,iso8601,9.3,0.0,mm,0,%,16.1,km/h,32.4,km/h,138,°,2026-03-25,iso8601
20ca31c84c747b68760945e40693c888,2026-03-25-20-05,10.7674,106.6665,2,wmo code,"Trời quang, có mây rải rác",33.5,°C,23.0,°C,36.9,°C,27.1,°C,2026-03-25T05:54,iso8601,2026-03-25T18:04,iso8601,9.3,0.0,mm,0,%,16.1,km/h,32.4,km/h,138,°,2026-03-25,iso8601
47ed5ada72329906efb3f9b95e354dfb,2026-03-25-20-05,10.7536,106.6479,2,wmo code,"Trời quang, có mây rải rác",33.6,°C,23.1,°C,36.9,°C,27.1,°C,2026-03-25T05:54,iso8601,2026-03-25T18:04,iso8601,9.3,0.0,mm,0,%,16.1,km/h,32.4,km/h,138,°,2026-03-25,iso8601
544c407a0eec14b0791ae6bd5c0310bd,2026-03-25-20-05,10.8392,106.6996,2,wmo code,"Trời quang, có mây rải rác",34.5,°C,23.3,°C,38.3,°C,27.3,°C,2026-03-25T05:54,iso8601,2026-03-25T18:03,iso8601,9.25,0.0,mm,0,%,16.9,km/h,33.5,km/h,142,°,2026-03-25,iso8601
3c0167e8901fdb249e907289256872ee,2026-03-25-20-05,10.7776,106.6812,2,wmo code,"Trời quang, có mây rải rác",33.6,°C,23.1,°C,36.9,°C,27.1,°C,2026-03-25T05:54,iso8601,2026-03-25T18:04,iso8601,9.3,0.0,mm,0,%,16.1,km/h,32.4,km/h,138,°,2026-03-25,iso8601
6d672ad0d6335ee07b611a1f2f1304d2,2026-03-25-20-05,10.8763,106.8031,2,wmo code,"Trời quang, có mây rải rác",34.3,°C,23.1,°C,38.1,°C,27.0,°C,2026-03-25T05:54,iso8601,2026-03-25T18:03,iso8601,9.25,0.0,mm,0,%,16.9,km/h,33.5,km/h,142,°,2026-03-25,iso8601
0a443a9e6c28959b2d0b9a264f9217b9,2026-03-25-20-05,10.7461,106.6682,2,wmo code,"Trời quang, có mây rải rác",33.6,°C,23.1,°C,36.9,°C,27.1,°C,2026-03-25T05:54,iso8601,2026-03-25T18:04,iso8601,9.3,0.0,mm,0,%,16.1,km/h,32.4,km/h,138,°,2026-03-25,iso8601
d732efee46606ea1b17a47a594fb8a0c,2026-03-25-20-05,10.8528,106.6262,2,wmo code,"Trời quang, có mây rải rác",34.4,°C,23.1,°C,38.1,°C,27.1,°C,2026-03-25T05:54,iso8601,2026-03-25T18:04,iso8601,9.3,0.0,mm,0,%,16.9,km/h,33.5,km/h,142,°,2026-03-25,iso8601
5c8848b02d1ed211f5d30c2e42534bfd,2026-03-25-20-05,10.8123,106.665,2,wmo code,"Trời quang, có mây rải rác",33.5,°C,23.0,°C,36.9,°C,27.1,°C,2026-03-25T05:54,iso8601,2026-03-25T18:04,iso8601,9.3,0.0,mm,0,%,16.1,km/h,32.4,km/h,138,°,2026-03-25,iso8601
2d31df119081d1ed317e851feebbace4,2026-03-25-20-05,10.7884,106.6173,2,wmo code,"Trời quang, có mây rải rác",33.6,°C,23.1,°C,36.9,°C,27.1,°C,2026-03-25T05:54,iso8601,2026-03-25T18:04,iso8601,9.3,0.0,mm,0,%,16.1,km/h,32.4,km/h,138,°,2026-03-25,iso8601
7c70770083f1532697fa793c1e9247a0,2026-03-25-20-05,10.7722,106.6991,2,wmo code,"Trời quang, có mây rải rác",33.9,°C,23.6,°C,37.4,°C,27.6,°C,2026-03-25T05:54,iso8601,2026-03-25T18:03,iso8601,9.3,0.0,mm,0,%,16.9,km/h,35.3,km/h,138,°,2026-03-25,iso8601
0b0a8e08ffa48b8dd690d2211a56eb23,2026-03-25-20-05,10.851,106.7547,2,wmo code,"Trời quang, có mây rải rác",34.5,°C,23.2,°C,38.3,°C,27.2,°C,2026-03-25T05:54,iso8601,2026-03-25T18:03,iso8601,9.25,0.0,mm,0,%,16.9,km/h,33.5,km/h,142,°,2026-03-25,iso8601
7ac9e10ab273227210ba16ae4be9d1e9,2026-03-25-20-05,10.7515,106.6505,2,wmo code,"Trời quang, có mây rải rác",33.6,°C,23.1,°C,36.9,°C,27.1,°C,2026-03-25T05:54,iso8601,2026-03-25T18:04,iso8601,9.3,0.0,mm,0,%,16.1,km/h,32.4,km/h,138,°,2026-03-25,iso8601
f2aac3ceadf5ddf9868b1186db03d7ca,2026-03-25-20-05,10.7632,106.6796,2,wmo code,"Trời quang, có mây rải rác",33.5,°C,23.0,°C,36.8,°C,27.0,°C,2026-03-25T05:54,iso8601,2026-03-25T18:04,iso8601,9.3,0.0,mm,0,%,16.1,km/h,32.4,km/h,138,°,2026-03-25,iso8601
34d8285718521b3c88cc4a9bf1f44ba4,2026-03-25-20-05,10.8671,106.7575,2,wmo code,"Trời quang, có mây rải rác",34.3,°C,23.1,°C,38.1,°C,27.0,°C,2026-03-25T05:54,iso8601,2026-03-25T18:03,iso8601,9.25,0.0,mm,0,%,16.9,km/h,33.5,km/h,142,°,2026-03-25,iso8601
975c85b47b815aa04433b78ed295926e,2026-03-25-20-05,10.8636,106.7455,2,wmo code,"Trời quang, có mây rải rác",34.4,°C,23.2,°C,38.2,°C,27.1,°C,2026-03-25T05:54,iso8601,2026-03-25T18:03,iso8601,9.25,0.0,mm,0,%,16.9,km/h,33.5,km/h,142,°,2026-03-25,iso8601
14cd7594142d9c3e798e5b9e2f7c0c75,2026-03-25-20-05,10.8625,106.7609,2,wmo code,"Trời quang, có mây rải rác",34.3,°C,23.1,°C,38.1,°C,27.0,°C,2026-03-25T05:54,iso8601,2026-03-25T18:03,iso8601,9.25,0.0,mm,0,%,16.9,km/h,33.5,km/h,142,°,2026-03-25,iso8601
73bda8328a14288c99df7d4bbc87c701,2026-03-25-20-05,10.772,106.6798,2,wmo code,"Trời quang, có mây rải rác",33.5,°C,23.0,°C,36.9,°C,27.1,°C,2026-03-25T05:54,iso8601,2026-03-25T18:04,iso8601,9.3,0.0,mm,0,%,16.1,km/h,32.4,km/h,138,°,2026-03-25,iso8601
ba7f7c3490fb2dcff2bca07b64fdd373,2026-03-25-20-05,10.7712,106.6986,2,wmo code,"Trời quang, có mây rải rác",33.9,°C,23.6,°C,37.4,°C,27.7,°C,2026-03-25T05:54,iso8601,2026-03-25T18:03,iso8601,9.3,0.0,mm,0,%,16.9,km/h,35.3,km/h,138,°,2026-03-25,iso8601
120223f522dbec8cbd9fb9c9e61084b3,2026-03-25-20-05,10.8458,106.6932,2,wmo code,"Trời quang, có mây rải rác",34.5,°C,23.3,°C,38.3,°C,27.3,°C,2026-03-25T05:54,iso8601,2026-03-25T18:03,iso8601,9.3,0.0,mm,0,%,16.9,km/h,33.5,km/h,142,°,2026-03-25,iso8601
7bc30df6b84e52e3c1f49f4fcee90763,2026-03-25-20-05,10.7045,106.7321,2,wmo code,"Trời quang, có mây rải rác",33.9,°C,23.6,°C,37.4,°C,27.7,°C,2026-03-25T05:54,iso8601,2026-03-25T18:03,iso8601,9.25,0.0,mm,0,%,16.9,km/h,35.3,km/h,138,°,2026-03-25,iso8601
a055a83d88a493b85b2c98528111f650,2026-03-25-20-05,10.8006,106.6611,2,wmo code,"Trời quang, có mây rải rác",33.5,°C,23.0,°C,36.9,°C,27.1,°C,2026-03-25T05:54,iso8601,2026-03-25T18:04,iso8601,9.3,0.0,mm,0,%,16.1,km/h,32.4,km/h,138,°,2026-03-25,iso8601
bcc5ab397fb38a3f545b029439312938,2026-03-25-20-05,10.7225,106.7257,2,wmo code,"Trời quang, có mây rải rác",33.9,°C,23.6,°C,37.4,°C,27.7,°C,2026-03-25T05:54,iso8601,2026-03-25T18:03,iso8601,9.25,0.0,mm,0,%,16.9,km/h,35.3,km/h,138,°,2026-03-25,iso8601
386fb3ebdd2948a9397bedfa8e2a39f9,2026-03-25-20-05,10.8207,106.694,2,wmo code,"Trời quang, có mây rải rác",34.4,°C,23.2,°C,38.2,°C,27.2,°C,2026-03-25T05:54,iso8601,2026-03-25T18:03,iso8601,9.3,0.0,mm,0,%,16.9,km/h,33.5,km/h,142,°,2026-03-25,iso8601
bc2c8ffeea00c0a13227c19cf5fbad4c,2026-03-25-20-05,10.882,106.81,2,wmo code,"Trời quang, có mây rải rác",34.5,°C,23.2,°C,38.2,°C,27.2,°C,2026-03-25T05:54,iso8601,2026-03-25T18:03,iso8601,9.25,0.0,mm,0,%,16.9,km/h,33.5,km/h,142,°,2026-03-25,iso8601
75b9ac0082e9b542bf2515fd064477dd,2026-03-25-20-05,10.7403,106.7358,2,wmo code,"Trời quang, có mây rải rác",33.9,°C,23.6,°C,37.4,°C,27.7,°C,2026-03-25T05:54,iso8601,2026-03-25T18:03,iso8601,9.25,0.0,mm,0,%,16.9,km/h,35.3,km/h,138,°,2026-03-25,iso8601
64991b3007d81e6b8fbb43f1a76dceeb,2026-03-25-20-05,10.7574,106.674,2,wmo code,"Trời quang, có mây rải rác",33.5,°C,23.0,°C,36.9,°C,27.0,°C,2026-03-25T05:54,iso8601,2026-03-25T18:04,iso8601,9.3,0.0,mm,0,%,16.1,km/h,32.4,km/h,138,°,2026-03-25,iso8601
e01d7a4f0d50fd34ca505272a67c2ad9,2026-03-25-20-05,10.7405,106.6937,2,wmo code,"Trời quang, có mây rải rác",33.9,°C,23.6,°C,37.4,°C,27.7,°C,2026-03-25T05:54,iso8601,2026-03-25T18:03,iso8601,9.3,0.0,mm,0,%,16.9,km/h,35.3,km/h,138,°,2026-03-25,iso8601
0571e61ab09a309bcef4674adb1c112f,2026-03-25-20-05,10.8115,106.579,2,wmo code,"Trời quang, có mây rải rác",33.6,°C,23.1,°C,36.9,°C,27.1,°C,2026-03-25T05:54,iso8601,2026-03-25T18:04,iso8601,9.25,0.0,mm,0,%,16.1,km/h,32.4,km/h,138,°,2026-03-25,iso8601
f506c2954e91ae6562d11c8524b84e60,2026-03-25-20-05,10.7267,106.7232,2,wmo code,"Trời quang, có mây rải rác",33.9,°C,23.6,°C,37.4,°C,27.7,°C,2026-03-25T05:54,iso8601,2026-03-25T18:03,iso8601,9.25,0.0,mm,0,%,16.9,km/h,35.3,km/h,138,°,2026-03-25,iso8601
d8349d793ce057e9513fe728531c4b46,2026-03-25-20-05,10.8003,106.6668,2,wmo code,"Trời quang, có mây rải rác",33.6,°C,23.1,°C,36.9,°C,27.1,°C,2026-03-25T05:54,iso8601,2026-03-25T18:04,iso8601,9.3,0.0,mm,0,%,16.1,km/h,32.4,km/h,138,°,2026-03-25,iso8601
0061b758a42f099e6d194fe2d6e75c78,2026-03-25-20-05,10.865,106.7284,2,wmo code,"Trời quang, có mây rải rác",34.5,°C,23.3,°C,38.3,°C,27.3,°C,2026-03-25T05:54,iso8601,2026-03-25T18:03,iso8601,9.25,0.0,mm,0,%,16.9,km/h,33.5,km/h,142,°,2026-03-25,iso8601
ab2c4555571dab5a5fb56672015ee2fe,2026-03-25-20-05,10.7227,106.6009,2,wmo code,"Trời quang, có mây rải rác",33.6,°C,23.1,°C,37.0,°C,27.2,°C,2026-03-25T05:54,iso8601,2026-03-25T18:04,iso8601,9.3,0.0,mm,0,%,16.1,km/h,32.4,km/h,138,°,2026-03-25,iso8601
cec90236b5428cc561e75a4e2a5ae632,2026-03-25-20-05,10.8381,106.69,2,wmo code,"Trời quang, có mây rải rác",34.5,°C,23.3,°C,38.3,°C,27.3,°C,2026-03-25T05:54,iso8601,2026-03-25T18:03,iso8601,9.3,0.0,mm,0,%,16.9,km/h,33.5,km/h,142,°,2026-03-25,iso8601
4311e53182ec4e17445656dd6cd60c40,2026-03-25-20-05,10.7879,106.6919,2,wmo code,"Trời quang, có mây rải rác",33.8,°C,23.6,°C,37.3,°C,27.6,°C,2026-03-25T05:54,iso8601,2026-03-25T18:03,iso8601,9.3,0.0,mm,0,%,16.9,km/h,35.3,km/h,138,°,2026-03-25,iso8601
c63e91db92734676e73437f2103e5801,2026-03-25-20-05,10.7537,106.6869,2,wmo code,"Trời quang, có mây rải rác",33.6,°C,23.1,°C,37.0,°C,27.1,°C,2026-03-25T05:54,iso8601,2026-03-25T18:04,iso8601,9.3,0.0,mm,0,%,16.1,km/h,32.4,km/h,138,°,2026-03-25,iso8601
33659cfa335ae26ebb27ec2d943d073d,2026-03-25-20-05,10.793,106.68,2,wmo code,"Trời quang, có mây rải rác",33.6,°C,23.1,°C,36.9,°C,27.1,°C,2026-03-25T05:54,iso8601,2026-03-25T18:04,iso8601,9.3,0.0,mm,0,%,16.1,km/h,32.4,km/h,138,°,2026-03-25,iso8601
85e4979960e7c7c1b78ee51016b220a5,2026-03-25-20-05,10.7959,106.6819,2,wmo code,"Trời quang, có mây rải rác",33.5,°C,23.0,°C,36.9,°C,27.1,°C,2026-03-25T05:54,iso8601,2026-03-25T18:04,iso8601,9.3,0.0,mm,0,%,16.1,km/h,32.4,km/h,138,°,2026-03-25,iso8601
f955ff1f9d83c21d79dd9cca15d12cef,2026-03-25-20-05,10.8576,106.786,2,wmo code,"Trời quang, có mây rải rác",34.5,°C,23.2,°C,38.3,°C,27.2,°C,2026-03-25T05:54,iso8601,2026-03-25T18:03,iso8601,9.25,0.0,mm,0,%,16.9,km/h,33.5,km/h,142,°,2026-03-25,iso8601
96e3e7bfec3a02404dff3648bb325228,2026-03-25-20-05,10.7444,106.6255,2,wmo code,"Trời quang, có mây rải rác",33.6,°C,23.1,°C,37.0,°C,27.1,°C,2026-03-25T05:54,iso8601,2026-03-25T18:04,iso8601,9.3,0.0,mm,0,%,16.1,km/h,32.4,km/h,138,°,2026-03-25,iso8601
b5a62738d1aa1fb87e965e4b30a49172,2026-03-25-20-05,10.8736,106.7774,2,wmo code,"Trời quang, có mây rải rác",34.4,°C,23.2,°C,38.2,°C,27.1,°C,2026-03-25T05:54,iso8601,2026-03-25T18:03,iso8601,9.25,0.0,mm,0,%,16.9,km/h,33.5,km/h,142,°,2026-03-25,iso8601
cfc1d8a13eb70ffc6d5cf19f6e2839df,2026-03-25-20-05,10.7798,106.6679,2,wmo code,"Trời quang, có mây rải rác",33.6,°C,23.1,°C,36.9,°C,27.1,°C,2026-03-25T05:54,iso8601,2026-03-25T18:04,iso8601,9.3,0.0,mm,0,%,16.1,km/h,32.4,km/h,138,°,2026-03-25,iso8601
386ac6318097163e888241a001ada6e8,2026-03-25-20-05,10.7634,106.6725,2,wmo code,"Trời quang, có mây rải rác",33.5,°C,23.0,°C,36.8,°C,27.0,°C,2026-03-25T05:54,iso8601,2026-03-25T18:04,iso8601,9.3,0.0,mm,0,%,16.1,km/h,32.4,km/h,138,°,2026-03-25,iso8601
669adfb273da5ee10f530c17145c6cbc,2026-03-25-20-05,10.86,106.7899,2,wmo code,"Trời quang, có mây rải rác",34.4,°C,23.2,°C,38.2,°C,27.1,°C,2026-03-25T05:54,iso8601,2026-03-25T18:03,iso8601,9.25,0.0,mm,0,%,16.9,km/h,33.5,km/h,142,°,2026-03-25,iso8601
1265859dbdd78f907bbf04739172186d,2026-03-25-20-05,10.81,106.7563,2,wmo code,"Trời quang, có mây rải rác",33.9,°C,23.6,°C,37.4,°C,27.7,°C,2026-03-25T05:54,iso8601,2026-03-25T18:03,iso8601,9.25,0.0,mm,0,%,16.9,km/h,35.3,km/h,138,°,2026-03-25,iso8601
a333685ffb8d0df90a7394f1e42a388a,2026-03-25-20-05,10.7852,106.6568,2,wmo code,"Trời quang, có mây rải rác",33.5,°C,23.0,°C,36.9,°C,27.1,°C,2026-03-25T05:54,iso8601,2026-03-25T18:04,iso8601,9.3,0.0,mm,0,%,16.1,km/h,32.4,km/h,138,°,2026-03-25,iso8601
046f52bf7e18ec415ae154d42c669d40,2026-03-25-20-05,10.8671,106.7888,2,wmo code,"Trời quang, có mây rải rác",34.4,°C,23.1,°C,38.2,°C,27.1,°C,2026-03-25T05:54,iso8601,2026-03-25T18:03,iso8601,9.25,0.0,mm,0,%,16.9,km/h,33.5,km/h,142,°,2026-03-25,iso8601
0fa29b6c488bc2c9af0fbfc042e9cd67,2026-03-25-20-05,10.8043,106.7516,2,wmo code,"Trời quang, có mây rải rác",33.8,°C,23.6,°C,37.4,°C,27.6,°C,2026-03-25T05:54,iso8601,2026-03-25T18:03,iso8601,9.25,0.0,mm,0,%,16.9,km/h,35.3,km/h,138,°,2026-03-25,iso8601
9b9a42701084d0694727416cc278fafe,2026-03-25-20-05,10.8466,106.6129,2,wmo code,"Trời quang, có mây rải rác",34.4,°C,23.1,°C,38.1,°C,27.1,°C,2026-03-25T05:54,iso8601,2026-03-25T18:04,iso8601,9.3,0.0,mm,0,%,16.9,km/h,33.5,km/h,142,°,2026-03-25,iso8601
c1d462a1c4850c61eadcf64e9a0f8fc1,2026-03-25-20-05,10.7587,106.6592,2,wmo code,"Trời quang, có mây rải rác",33.6,°C,23.1,°C,36.9,°C,27.1,°C,2026-03-25T05:54,iso8601,2026-03-25T18:04,iso8601,9.3,0.0,mm,0,%,16.1,km/h,32.4,km/h,138,°,2026-03-25,iso8601
3f4a7dc85944903ea2b70fa37791230b,2026-03-25-20-05,10.7505,106.6534,2,wmo code,"Trời quang, có mây rải rác",33.6,°C,23.1,°C,36.9,°C,27.1,°C,2026-03-25T05:54,iso8601,2026-03-25T18:04,iso8601,9.3,0.0,mm,0,%,16.1,km/h,32.4,km/h,138,°,2026-03-25,iso8601
ce927ff13f3e18b838b75fbb2e93f71e,2026-03-25-20-05,10.7861,106.8473,2,wmo code,"Trời quang, có mây rải rác",34.3,°C,23.8,°C,38.1,°C,27.9,°C,2026-03-25T05:53,iso8601,2026-03-25T18:03,iso8601,9.25,0.0,mm,0,%,17.3,km/h,36.0,km/h,138,°,2026-03-25,iso8601
8f2c1be608e8e397156a1ce1e53da194,2026-03-25-20-05,10.6894,106.7025,2,wmo code,"Trời quang, có mây rải rác",33.9,°C,23.6,°C,37.4,°C,27.7,°C,2026-03-25T05:54,iso8601,2026-03-25T18:03,iso8601,9.25,0.0,mm,0,%,16.9,km/h,35.3,km/h,138,°,2026-03-25,iso8601
e1e131b5892a45b83a874acef266ccd2,2026-03-25-20-05,10.7892,106.6754,2,wmo code,"Trời quang, có mây rải rác",33.5,°C,23.0,°C,36.9,°C,27.0,°C,2026-03-25T05:54,iso8601,2026-03-25T18:04,iso8601,9.3,0.0,mm,0,%,16.1,km/h,32.4,km/h,138,°,2026-03-25,iso8601
8eadd9c93eee0f384dceac1a31c39d35,2026-03-25-20-05,10.8497,106.7711,2,wmo code,"Trời quang, có mây rải rác",34.3,°C,23.1,°C,38.1,°C,27.0,°C,2026-03-25T05:54,iso8601,2026-03-25T18:03,iso8601,9.25,0.0,mm,0,%,16.9,km/h,33.5,km/h,142,°,2026-03-25,iso8601
c182fc0e10dbac715c00b92ce423a21c,2026-03-25-20-05,10.7497,106.6494,2,wmo code,"Trời quang, có mây rải rác",33.6,°C,23.1,°C,36.9,°C,27.1,°C,2026-03-25T05:54,iso8601,2026-03-25T18:04,iso8601,9.3,0.0,mm,0,%,16.1,km/h,32.4,km/h,138,°,2026-03-25,iso8601
db8992c620d36987239bba1962cdfc4d,2026-03-25-20-05,10.8346,106.7009,2,wmo code,"Trời quang, có mây rải rác",34.5,°C,23.3,°C,38.4,°C,27.3,°C,2026-03-25T05:54,iso8601,2026-03-25T18:03,iso8601,9.25,0.0,mm,0,%,16.9,km/h,33.5,km/h,142,°,2026-03-25,iso8601
65ca30aa536a1ea132deb88969d5d53a,2026-03-25-20-05,10.7936,106.7006,2,wmo code,"Trời quang, có mây rải rác",33.9,°C,23.6,°C,37.4,°C,27.7,°C,2026-03-25T05:54,iso8601,2026-03-25T18:03,iso8601,9.25,0.0,mm,0,%,16.9,km/h,35.3,km/h,138,°,2026-03-25,iso8601
7fafdc57528daa49e98ef4e9841cfc29,2026-03-25-20-05,10.8839,106.802,2,wmo code,"Trời quang, có mây rải rác",34.4,°C,23.2,°C,38.2,°C,27.1,°C,2026-03-25T05:54,iso8601,2026-03-25T18:03,iso8601,9.25,0.0,mm,0,%,16.9,km/h,33.5,km/h,142,°,2026-03-25,iso8601
e70acbe9f7d46f0d61297b911d0ecb2c,2026-03-25-20-05,10.7793,106.7347,2,wmo code,"Trời quang, có mây rải rác",33.9,°C,23.6,°C,37.4,°C,27.7,°C,2026-03-25T05:54,iso8601,2026-03-25T18:03,iso8601,9.25,0.0,mm,0,%,16.9,km/h,35.3,km/h,138,°,2026-03-25,iso8601
b6b6f2553a423b0cca086a375421206a,2026-03-25-20-05,10.8337,106.7647,2,wmo code,"Trời quang, có mây rải rác",34.5,°C,23.2,°C,38.3,°C,27.2,°C,2026-03-25T05:54,iso8601,2026-03-25T18:03,iso8601,9.25,0.0,mm,0,%,16.9,km/h,33.5,km/h,142,°,2026-03-25,iso8601
218b6419daf3a9e5e99de93e29777c75,2026-03-25-20-05,10.7925,106.6856,2,wmo code,"Trời quang, có mây rải rác",33.6,°C,23.1,°C,36.9,°C,27.1,°C,2026-03-25T05:54,iso8601,2026-03-25T18:04,iso8601,9.3,0.0,mm,0,%,16.1,km/h,32.4,km/h,138,°,2026-03-25,iso8601
3dc3aeb6ac2cd4c7167f26a1d7f12ea3,2026-03-25-20-05,10.8753,106.7512,2,wmo code,"Trời quang, có mây rải rác",34.3,°C,23.1,°C,38.1,°C,27.0,°C,2026-03-25T05:54,iso8601,2026-03-25T18:03,iso8601,9.25,0.0,mm,0,%,16.9,km/h,33.5,km/h,142,°,2026-03-25,iso8601
a979f06e9e1616639d2231bc358d4fa5,2026-03-25-20-05,10.7589,106.6514,2,wmo code,"Trời quang, có mây rải rác",33.6,°C,23.1,°C,36.9,°C,27.1,°C,2026-03-25T05:54,iso8601,2026-03-25T18:04,iso8601,9.3,0.0,mm,0,%,16.1,km/h,32.4,km/h,138,°,2026-03-25,iso8601
56d749878949f252ab47fce853218434,2026-03-25-20-05,10.7677,106.6668,2,wmo code,"Trời quang, có mây rải rác",33.6,°C,23.1,°C,36.9,°C,27.1,°C,2026-03-25T05:54,iso8601,2026-03-25T18:04,iso8601,9.3,0.0,mm,0,%,16.1,km/h,32.4,km/h,138,°,2026-03-25,iso8601
51d905077b9a55d0a107c12a6f045eb1,2026-03-25-20-05,10.8878,106.6999,2,wmo code,"Trời quang, có mây rải rác",34.5,°C,23.3,°C,38.3,°C,27.3,°C,2026-03-25T05:54,iso8601,2026-03-25T18:03,iso8601,9.25,0.0,mm,0,%,16.9,km/h,33.5,km/h,142,°,2026-03-25,iso8601
1170d5855840fd58018af34a95589f02,2026-03-25-20-05,10.7768,106.7226,2,wmo code,"Trời quang, có mây rải rác",33.9,°C,23.6,°C,37.4,°C,27.7,°C,2026-03-25T05:54,iso8601,2026-03-25T18:03,iso8601,9.25,0.0,mm,0,%,16.9,km/h,35.3,km/h,138,°,2026-03-25,iso8601
dc5b08ac8f96170963f58e21ea5aa31e,2026-03-25-20-05,10.8007,106.7327,2,wmo code,"Trời quang, có mây rải rác",33.9,°C,23.6,°C,37.4,°C,27.7,°C,2026-03-25T05:54,iso8601,2026-03-25T18:03,iso8601,9.25,0.0,mm,0,%,16.9,km/h,35.3,km/h,138,°,2026-03-25,iso8601
d0387cf978c41b8e86b4a57ea1fc3f55,2026-03-25-20-06,10.7087,106.7319,2,wmo code,"Trời quang, có mây rải rác",33.9,°C,23.6,°C,37.4,°C,27.7,°C,2026-03-25T05:54,iso8601,2026-03-25T18:03,iso8601,9.25,0.0,mm,0,%,16.9,km/h,35.3,km/h,138,°,2026-03-25,iso8601
2f289be8da0abc2734fe794b028f9cc7,2026-03-25-20-06,10.8243,106.7074,2,wmo code,"Trời quang, có mây rải rác",34.5,°C,23.3,°C,38.3,°C,27.2,°C,2026-03-25T05:54,iso8601,2026-03-25T18:03,iso8601,9.25,0.0,mm,0,%,16.9,km/h,33.5,km/h,142,°,2026-03-25,iso8601
4e9b9bfd0bbeb0c9139122563e3d0a05,2026-03-25-20-06,10.8021,106.6451,2,wmo code,"Trời quang, có mây rải rác",33.5,°C,23.0,°C,36.9,°C,27.0,°C,2026-03-25T05:54,iso8601,2026-03-25T18:04,iso8601,9.3,0.0,mm,0,%,16.1,km/h,32.4,km/h,138,°,2026-03-25,iso8601
831b123fd6bb71ec3ccaebb02de8b7a4,2026-03-25-20-06,10.7736,106.6216,2,wmo code,"Trời quang, có mây rải rác",33.6,°C,23.1,°C,36.9,°C,27.1,°C,2026-03-25T05:54,iso8601,2026-03-25T18:04,iso8601,9.3,0.0,mm,0,%,16.1,km/h,32.4,km/h,138,°,2026-03-25,iso8601
892c20f6a6a2ead0bf7efc87233b05e8,2026-03-25-20-06,10.8131,106.6651,2,wmo code,"Trời quang, có mây rải rác",34.4,°C,23.1,°C,38.1,°C,27.1,°C,2026-03-25T05:54,iso8601,2026-03-25T18:04,iso8601,9.3,0.0,mm,0,%,16.9,km/h,33.5,km/h,142,°,2026-03-25,iso8601
73318dff2dc6874661d0bafd247488a4,2026-03-25-20-06,10.8542,106.6655,2,wmo code,"Trời quang, có mây rải rác",34.4,°C,23.2,°C,38.2,°C,27.1,°C,2026-03-25T05:54,iso8601,2026-03-25T18:04,iso8601,9.3,0.0,mm,0,%,16.9,km/h,33.5,km/h,142,°,2026-03-25,iso8601
71bcdd26e2e19e96475f384f69fe894c,2026-03-25-20-06,10.7729,106.6239,2,wmo code,"Trời quang, có mây rải rác",33.6,°C,23.1,°C,36.9,°C,27.1,°C,2026-03-25T05:54,iso8601,2026-03-25T18:04,iso8601,9.3,0.0,mm,0,%,16.1,km/h,32.4,km/h,138,°,2026-03-25,iso8601
d0b2b9f739a02c5eafe8b523b345e902,2026-03-25-20-06,10.7698,106.671,2,wmo code,"Trời quang, có mây rải rác",33.5,°C,23.0,°C,36.8,°C,27.0,°C,2026-03-25T05:54,iso8601,2026-03-25T18:04,iso8601,9.3,0.0,mm,0,%,16.1,km/h,32.4,km/h,138,°,2026-03-25,iso8601
478bfed0731f74043453209e13178182,2026-03-25-20-06,10.8381,106.7343,2,wmo code,"Trời quang, có mây rải rác",34.5,°C,23.3,°C,38.3,°C,27.3,°C,2026-03-25T05:54,iso8601,2026-03-25T18:03,iso8601,9.25,0.0,mm,0,%,16.9,km/h,33.5,km/h,142,°,2026-03-25,iso8601
320440cb37367194702ef3389c7420b7,2026-03-25-20-06,10.7936,106.6753,2,wmo code,"Trời quang, có mây rải rác",33.5,°C,23.0,°C,36.9,°C,27.0,°C,2026-03-25T05:54,iso8601,2026-03-25T18:04,iso8601,9.3,0.0,mm,0,%,16.1,km/h,32.4,km/h,138,°,2026-03-25,iso8601
66c08a73a2cf82eaa5ad8644dab4e87c,2026-03-25-20-06,10.7994,106.6194,2,wmo code,"Trời quang, có mây rải rác",33.6,°C,23.1,°C,36.9,°C,27.1,°C,2026-03-25T05:54,iso8601,2026-03-25T18:04,iso8601,9.3,0.0,mm,0,%,16.1,km/h,32.4,km/h,138,°,2026-03-25,iso8601
ae0a5c7b6986f71651b93f2aa09885af,2026-03-25-20-06,10.7698,106.6445,2,wmo code,"Trời quang, có mây rải rác",33.6,°C,23.1,°C,36.9,°C,27.1,°C,2026-03-25T05:54,iso8601,2026-03-25T18:04,iso8601,9.3,0.0,mm,0,%,16.1,km/h,32.4,km/h,138,°,2026-03-25,iso8601
856464a1c1df41490a3f12563823be5a,2026-03-25-20-06,10.828,106.6792,2,wmo code,"Trời quang, có mây rải rác",34.4,°C,23.1,°C,38.1,°C,27.0,°C,2026-03-25T05:54,iso8601,2026-03-25T18:04,iso8601,9.3,0.0,mm,0,%,16.9,km/h,33.5,km/h,142,°,2026-03-25,iso8601
addf1fc31e67c702a38328d1eeee8ed7,2026-03-25-20-06,10.756,106.6664,2,wmo code,"Trời quang, có mây rải rác",33.5,°C,23.0,°C,36.9,°C,27.1,°C,2026-03-25T05:54,iso8601,2026-03-25T18:04,iso8601,9.3,0.0,mm,0,%,16.1,km/h,32.4,km/h,138,°,2026-03-25,iso8601
19572d98f7efdf320e9828c856d5b4c9,2026-03-25-20-06,10.7805,106.6792,2,wmo code,"Trời quang, có mây rải rác",33.6,°C,23.1,°C,36.9,°C,27.1,°C,2026-03-25T05:54,iso8601,2026-03-25T18:04,iso8601,9.3,0.0,mm,0,%,16.1,km/h,32.4,km/h,138,°,2026-03-25,iso8601
be2d989e54855044a68776ff4b143463,2026-03-25-20-06,10.777,106.6821,2,wmo code,"Trời quang, có mây rải rác",33.6,°C,23.1,°C,36.9,°C,27.1,°C,2026-03-25T05:54,iso8601,2026-03-25T18:04,iso8601,9.3,0.0,mm,0,%,16.1,km/h,32.4,km/h,138,°,2026-03-25,iso8601
d5f6c809df92853263e48f6c2134cf5e,2026-03-25-20-06,10.7964,106.7058,2,wmo code,"Trời quang, có mây rải rác",33.9,°C,23.6,°C,37.4,°C,27.7,°C,2026-03-25T05:54,iso8601,2026-03-25T18:03,iso8601,9.25,0.0,mm,0,%,16.9,km/h,35.3,km/h,138,°,2026-03-25,iso8601
007f9819226a33e189c30b686ee15949,2026-03-25-20-06,10.8435,106.6149,2,wmo code,"Trời quang, có mây rải rác",34.4,°C,23.1,°C,38.1,°C,27.1,°C,2026-03-25T05:54,iso8601,2026-03-25T18:04,iso8601,9.3,0.0,mm,0,%,16.9,km/h,33.5,km/h,142,°,2026-03-25,iso8601
6ed666ef1d3cf472b5247544173b129b,2026-03-25-20-06,10.8251,106.6809,2,wmo code,"Trời quang, có mây rải rác",34.3,°C,23.1,°C,38.1,°C,27.0,°C,2026-03-25T05:54,iso8601,2026-03-25T18:04,iso8601,9.3,0.0,mm,0,%,16.9,km/h,33.5,km/h,142,°,2026-03-25,iso8601
710295922d5db990b56d770e790aca74,2026-03-25-20-06,10.7779,106.6559,2,wmo code,"Trời quang, có mây rải rác",33.6,°C,23.1,°C,36.9,°C,27.1,°C,2026-03-25T05:54,iso8601,2026-03-25T18:04,iso8601,9.3,0.0,mm,0,%,16.1,km/h,32.4,km/h,138,°,2026-03-25,iso8601
ad618e33678436ff8f07f7f837cacf90,2026-03-25-20-06,10.7544,106.6509,2,wmo code,"Trời quang, có mây rải rác",33.6,°C,23.1,°C,36.9,°C,27.1,°C,2026-03-25T05:54,iso8601,2026-03-25T18:04,iso8601,9.3,0.0,mm,0,%,16.1,km/h,32.4,km/h,138,°,2026-03-25,iso8601
cbaa5b6003c6cd929fa336eb0f8c8b5d,2026-03-25-20-06,10.7644,106.6616,2,wmo code,"Trời quang, có mây rải rác",33.6,°C,23.1,°C,36.9,°C,27.1,°C,2026-03-25T05:54,iso8601,2026-03-25T18:04,iso8601,9.3,0.0,mm,0,%,16.1,km/h,32.4,km/h,138,°,2026-03-25,iso8601
949aedf36205bae2a02199956ab9e470,2026-03-25-20-06,10.7565,106.6665,2,wmo code,"Trời quang, có mây rải rác",33.5,°C,23.0,°C,36.9,°C,27.1,°C,2026-03-25T05:54,iso8601,2026-03-25T18:04,iso8601,9.3,0.0,mm,0,%,16.1,km/h,32.4,km/h,138,°,2026-03-25,iso8601
c7f1805ac503309ccfe6e3892f45e7d9,2026-03-25-20-06,10.8621,106.6495,2,wmo code,"Trời quang, có mây rải rác",34.4,°C,23.2,°C,38.2,°C,27.1,°C,2026-03-25T05:54,iso8601,2026-03-25T18:04,iso8601,9.3,0.0,mm,0,%,16.9,km/h,33.5,km/h,142,°,2026-03-25,iso8601
b886bd4f4dc50467f457ac903cb1c28d,2026-03-25-20-06,10.7779,106.656,2,wmo code,"Trời quang, có mây rải rác",33.6,°C,23.1,°C,36.9,°C,27.1,°C,2026-03-25T05:54,iso8601,2026-03-25T18:04,iso8601,9.3,0.0,mm,0,%,16.1,km/h,32.4,km/h,138,°,2026-03-25,iso8601
ab78c1a3514ea5c67317dbb2ee112fe9,2026-03-25-20-06,10.7906,106.6976,2,wmo code,"Trời quang, có mây rải rác",33.8,°C,23.6,°C,37.3,°C,27.6,°C,2026-03-25T05:54,iso8601,2026-03-25T18:03,iso8601,9.3,0.0,mm,0,%,16.9,km/h,35.3,km/h,138,°,2026-03-25,iso8601
265f3cfde64bfa120f6891ed00051bf0,2026-03-25-20-06,10.8016,106.6832,2,wmo code,"Trời quang, có mây rải rác",33.5,°C,23.0,°C,36.9,°C,27.0,°C,2026-03-25T05:54,iso8601,2026-03-25T18:04,iso8601,9.3,0.0,mm,0,%,16.1,km/h,32.4,km/h,138,°,2026-03-25,iso8601
2a2bdd55372e1f53cafe4e2e4e7f1833,2026-03-25-20-06,10.74,106.6962,2,wmo code,"Trời quang, có mây rải rác",33.9,°C,23.6,°C,37.4,°C,27.7,°C,2026-03-25T05:54,iso8601,2026-03-25T18:03,iso8601,9.3,0.0,mm,0,%,16.9,km/h,35.3,km/h,138,°,2026-03-25,iso8601
9a4bdd7e2e9674279af5d086d2f1ef93,2026-03-25-20-06,10.7804,106.6985,2,wmo code,"Trời quang, có mây rải rác",33.7,°C,23.5,°C,37.2,°C,27.5,°C,2026-03-25T05:54,iso8601,2026-03-25T18:03,iso8601,9.3,0.0,mm,0,%,16.9,km/h,35.3,km/h,138,°,2026-03-25,iso8601
5b019332e6114b8ae49c3362815db79b,2026-03-25-20-06,10.7832,106.6507,2,wmo code,"Trời quang, có mây rải rác",33.5,°C,23.0,°C,36.9,°C,27.1,°C,2026-03-25T05:54,iso8601,2026-03-25T18:04,iso8601,9.3,0.0,mm,0,%,16.1,km/h,32.4,km/h,138,°,2026-03-25,iso8601
230102be62b945b3185f1c627a0c862c,2026-03-25-20-06,10.7668,106.6882,2,wmo code,"Trời quang, có mây rải rác",33.8,°C,23.6,°C,37.4,°C,27.6,°C,2026-03-25T05:54,iso8601,2026-03-25T18:03,iso8601,9.3,0.0,mm,0,%,16.9,km/h,35.3,km/h,138,°,2026-03-25,iso8601
4ff07a09ef09e659f1c634d7433f9bf1,2026-03-25-20-06,10.7557,106.6537,2,wmo code,"Trời quang, có mây rải rác",33.6,°C,23.1,°C,36.9,°C,27.1,°C,2026-03-25T05:54,iso8601,2026-03-25T18:04,iso8601,9.3,0.0,mm,0,%,16.1,km/h,32.4,km/h,138,°,2026-03-25,iso8601
1e451e288c8c3755f9b6d46f70b02cb3,2026-03-25-20-06,10.798,106.7201,2,wmo code,"Trời quang, có mây rải rác",33.9,°C,23.6,°C,37.4,°C,27.7,°C,2026-03-25T05:54,iso8601,2026-03-25T18:03,iso8601,9.25,0.0,mm,0,%,16.9,km/h,35.3,km/h,138,°,2026-03-25,iso8601
31205e89e330b0359b4792cf264f9425,2026-03-25-20-06,10.7574,106.6832,2,wmo code,"Trời quang, có mây rải rác",33.6,°C,23.1,°C,36.9,°C,27.1,°C,2026-03-25T05:54,iso8601,2026-03-25T18:04,iso8601,9.3,0.0,mm,0,%,16.1,km/h,32.4,km/h,138,°,2026-03-25,iso8601
fd6f15ac19a957141598dd378d42dddc,2026-03-25-20-06,10.8152,106.6324,2,wmo code,"Trời quang, có mây rải rác",34.4,°C,23.2,°C,38.2,°C,27.1,°C,2026-03-25T05:54,iso8601,2026-03-25T18:04,iso8601,9.3,0.0,mm,0,%,16.9,km/h,33.5,km/h,142,°,2026-03-25,iso8601
f92b3d0350a5ebeec92b2332dd10257e,2026-03-25-20-06,10.8507,106.6788,2,wmo code,"Trời quang, có mây rải rác",34.5,°C,23.2,°C,38.3,°C,27.2,°C,2026-03-25T05:54,iso8601,2026-03-25T18:04,iso8601,9.3,0.0,mm,0,%,16.9,km/h,33.5,km/h,142,°,2026-03-25,iso8601
7d4400e9fe7176de2fd55c2b14033228,2026-03-25-20-06,10.8857,106.6283,2,wmo code,"Trời quang, có mây rải rác",34.4,°C,23.2,°C,38.2,°C,27.1,°C,2026-03-25T05:54,iso8601,2026-03-25T18:04,iso8601,9.3,0.0,mm,0,%,16.9,km/h,33.5,km/h,142,°,2026-03-25,iso8601
9bce5e8ee12dbc9b81fc6e256bd0b118,2026-03-25-20-06,10.7598,106.6687,2,wmo code,"Trời quang, có mây rải rác",33.5,°C,23.0,°C,36.9,°C,27.0,°C,2026-03-25T05:54,iso8601,2026-03-25T18:04,iso8601,9.3,0.0,mm,0,%,16.1,km/h,32.4,km/h,138,°,2026-03-25,iso8601
d75b47a305d8110b0fa0afad065240ff,2026-03-25-20-06,10.7954,106.6558,2,wmo code,"Trời quang, có mây rải rác",33.5,°C,23.0,°C,36.9,°C,27.1,°C,2026-03-25T05:54,iso8601,2026-03-25T18:04,iso8601,9.3,0.0,mm,0,%,16.1,km/h,32.4,km/h,138,°,2026-03-25,iso8601
a0616551a649b424c725bc667b4a8e72,2026-03-25-20-06,10.7875,106.7094,2,wmo code,"Trời quang, có mây rải rác",33.9,°C,23.6,°C,37.4,°C,27.7,°C,2026-03-25T05:54,iso8601,2026-03-25T18:03,iso8601,9.25,0.0,mm,0,%,16.9,km/h,35.3,km/h,138,°,2026-03-25,iso8601
0a60d9b8c8faa3dd63ef9ea253cdc80f,2026-03-25-20-06,10.7582,106.7888,2,wmo code,"Trời quang, có mây rải rác",33.9,°C,23.6,°C,37.4,°C,27.7,°C,2026-03-25T05:54,iso8601,2026-03-25T18:03,iso8601,9.25,0.0,mm,0,%,16.9,km/h,35.3,km/h,138,°,2026-03-25,iso8601
e553cd5c3a7edecf84a2689095a9f748,2026-03-25-20-06,10.7922,106.678,2,wmo code,"Trời quang, có mây rải rác",33.5,°C,23.0,°C,36.9,°C,27.1,°C,2026-03-25T05:54,iso8601,2026-03-25T18:04,iso8601,9.3,0.0,mm,0,%,16.1,km/h,32.4,km/h,138,°,2026-03-25,iso8601
d2489e0a065608647f6a4b4866e80c03,2026-03-25-20-06,10.7926,106.6973,2,wmo code,"Trời quang, có mây rải rác",33.9,°C,23.6,°C,37.4,°C,27.7,°C,2026-03-25T05:54,iso8601,2026-03-25T18:03,iso8601,9.3,0.0,mm,0,%,16.9,km/h,35.3,km/h,138,°,2026-03-25,iso8601
b3153071a495f769721580a41acd5142,2026-03-25-20-06,10.717,106.5995,2,wmo code,"Trời quang, có mây rải rác",33.6,°C,23.1,°C,37.0,°C,27.2,°C,2026-03-25T05:54,iso8601,2026-03-25T18:04,iso8601,9.3,0.0,mm,0,%,16.1,km/h,32.4,km/h,138,°,2026-03-25,iso8601
176e65c0c1d48b75b07ce408c37d051b,2026-03-25-20-06,10.7851,106.6964,2,wmo code,"Trời quang, có mây rải rác",33.8,°C,23.6,°C,37.3,°C,27.6,°C,2026-03-25T05:54,iso8601,2026-03-25T18:03,iso8601,9.3,0.0,mm,0,%,16.9,km/h,35.3,km/h,138,°,2026-03-25,iso8601
c887cc41c12d77baa78fbd1b92c9577e,2026-03-25-20-06,10.8144,106.6786,2,wmo code,"Trời quang, có mây rải rác",34.3,°C,23.1,°C,38.1,°C,27.0,°C,2026-03-25T05:54,iso8601,2026-03-25T18:04,iso8601,9.3,0.0,mm,0,%,16.9,km/h,33.5,km/h,142,°,2026-03-25,iso8601
aef549c188f0d96af305bf3dd1f54ee4,2026-03-25-20-06,10.797,106.6459,2,wmo code,"Trời quang, có mây rải rác",33.5,°C,23.0,°C,36.9,°C,27.1,°C,2026-03-25T05:54,iso8601,2026-03-25T18:04,iso8601,9.3,0.0,mm,0,%,16.1,km/h,32.4,km/h,138,°,2026-03-25,iso8601
7aee36778afb77c0ca97a1d38825b797,2026-03-25-20-06,10.772,106.7063,2,wmo code,"Trời quang, có mây rải rác",33.8,°C,23.6,°C,37.4,°C,27.6,°C,2026-03-25T05:54,iso8601,2026-03-25T18:03,iso8601,9.25,0.0,mm,0,%,16.9,km/h,35.3,km/h,138,°,2026-03-25,iso8601
c3558babbf99dd4193c778d95caeadb1,2026-03-25-20-06,10.7791,106.6504,2,wmo code,"Trời quang, có mây rải rác",33.5,°C,23.0,°C,36.9,°C,27.1,°C,2026-03-25T05:54,iso8601,2026-03-25T18:04,iso8601,9.3,0.0,mm,0,%,16.1,km/h,32.4,km/h,138,°,2026-03-25,iso8601
c4f2bb74f9ed301a1aae531425440447,2026-03-25-20-06,10.8034,106.7048,2,wmo code,"Trời quang, có mây rải rác",33.9,°C,23.6,°C,37.4,°C,27.7,°C,2026-03-25T05:54,iso8601,2026-03-25T18:03,iso8601,9.25,0.0,mm,0,%,16.9,km/h,35.3,km/h,138,°,2026-03-25,iso8601
a43c875d037878930e511a35276bd2f7,2026-03-25-20-06,10.8102,106.6649,2,wmo code,"Trời quang, có mây rải rác",33.5,°C,23.0,°C,36.9,°C,27.0,°C,2026-03-25T05:54,iso8601,2026-03-25T18:04,iso8601,9.3,0.0,mm,0,%,16.1,km/h,32.4,km/h,138,°,2026-03-25,iso8601
373575dcf77c2630d31bc5f414d50560,2026-03-25-20-06,10.8685,106.7161,2,wmo code,"Trời quang, có mây rải rác",34.5,°C,23.3,°C,38.3,°C,27.3,°C,2026-03-25T05:54,iso8601,2026-03-25T18:03,iso8601,9.25,0.0,mm,0,%,16.9,km/h,33.5,km/h,142,°,2026-03-25,iso8601
1379ec4a4dc70a809d7df14442eca710,2026-03-25-20-06,10.7897,106.6518,2,wmo code,"Trời quang, có mây rải rác",33.5,°C,23.0,°C,36.9,°C,27.1,°C,2026-03-25T05:54,iso8601,2026-03-25T18:04,iso8601,9.3,0.0,mm,0,%,16.1,km/h,32.4,km/h,138,°,2026-03-25,iso8601
c580ae6269c9eb89baa34e21210caeb4,2026-03-25-20-06,10.8537,106.7511,2,wmo code,"Trời quang, có mây rải rác",34.5,°C,23.2,°C,38.3,°C,27.2,°C,2026-03-25T05:54,iso8601,2026-03-25T18:03,iso8601,9.25,0.0,mm,0,%,16.9,km/h,33.5,km/h,142,°,2026-03-25,iso8601
f38b112f44d0cd8e293122b52eb6c5dd,2026-03-25-20-06,10.8003,106.6669,2,wmo code,"Trời quang, có mây rải rác",33.6,°C,23.1,°C,36.9,°C,27.1,°C,2026-03-25T05:54,iso8601,2026-03-25T18:04,iso8601,9.3,0.0,mm,0,%,16.1,km/h,32.4,km/h,138,°,2026-03-25,iso8601
c2fce3720560919f0edc308e66c79f50,2026-03-25-20-06,10.7575,106.6571,2,wmo code,"Trời quang, có mây rải rác",33.5,°C,23.0,°C,36.9,°C,27.1,°C,2026-03-25T05:54,iso8601,2026-03-25T18:04,iso8601,9.3,0.0,mm,0,%,16.1,km/h,32.4,km/h,138,°,2026-03-25,iso8601
035b1873d845ded3f521e9b067468ac8,2026-03-25-20-06,10.7614,106.61,2,wmo code,"Trời quang, có mây rải rác",33.6,°C,23.1,°C,37.0,°C,27.1,°C,2026-03-25T05:54,iso8601,2026-03-25T18:04,iso8601,9.3,0.0,mm,0,%,16.1,km/h,32.4,km/h,138,°,2026-03-25,iso8601
d3c7e159184f07572d71181f2e57dc01,2026-03-25-20-06,10.7947,106.6932,2,wmo code,"Trời quang, có mây rải rác",33.9,°C,23.6,°C,37.4,°C,27.7,°C,2026-03-25T05:54,iso8601,2026-03-25T18:03,iso8601,9.3,0.0,mm,0,%,16.9,km/h,35.3,km/h,138,°,2026-03-25,iso8601
e65669193ce60571f14327c3428ec1bd,2026-03-25-20-06,10.8387,106.7363,2,wmo code,"Trời quang, có mây rải rác",34.5,°C,23.3,°C,38.3,°C,27.3,°C,2026-03-25T05:54,iso8601,2026-03-25T18:03,iso8601,9.25,0.0,mm,0,%,16.9,km/h,33.5,km/h,142,°,2026-03-25,iso8601
b99d1ebd5f548dc07398b33076af0e66,2026-03-25-20-06,10.8592,106.8363,2,wmo code,"Trời quang, có mây rải rác",34.8,°C,23.1,°C,39.1,°C,27.3,°C,2026-03-25T05:53,iso8601,2026-03-25T18:03,iso8601,9.25,0.0,mm,0,%,16.0,km/h,32.8,km/h,141,°,2026-03-25,iso8601
e842a54217c2ffbbf2e95a3f78ac3cd3,2026-03-25-20-06,10.8235,106.7136,2,wmo code,"Trời quang, có mây rải rác",34.5,°C,23.3,°C,38.3,°C,27.3,°C,2026-03-25T05:54,iso8601,2026-03-25T18:03,iso8601,9.25,0.0,mm,0,%,16.9,km/h,33.5,km/h,142,°,2026-03-25,iso8601
f2b9e01aa16f341cced2e96d0714ff2f,2026-03-25-20-06,10.7445,106.6439,2,wmo code,"Trời quang, có mây rải rác",33.6,°C,23.1,°C,37.0,°C,27.1,°C,2026-03-25T05:54,iso8601,2026-03-25T18:04,iso8601,9.3,0.0,mm,0,%,16.1,km/h,32.4,km/h,138,°,2026-03-25,iso8601
1410911fe0df6ba8e9db5e9e568bde26,2026-03-25-20-06,10.767,106.6764,2,wmo code,"Trời quang, có mây rải rác",33.6,°C,23.1,°C,36.9,°C,27.1,°C,2026-03-25T05:54,iso8601,2026-03-25T18:04,iso8601,9.3,0.0,mm,0,%,16.1,km/h,32.4,km/h,138,°,2026-03-25,iso8601
4ff07a09ef09e659f1c634d7433f9bf1,2026-03-25-20-06,10.7537,106.6539,2,wmo code,"Trời quang, có mây rải rác",33.5,°C,23.0,°C,36.9,°C,27.1,°C,2026-03-25T05:54,iso8601,2026-03-25T18:04,iso8601,9.3,0.0,mm,0,%,16.1,km/h,32.4,km/h,138,°,2026-03-25,iso8601
082271af9cca5bf56d0676b7cd0d99da,2026-03-25-20-06,10.8822,106.6167,2,wmo code,"Trời quang, có mây rải rác",34.4,°C,23.2,°C,38.2,°C,27.1,°C,2026-03-25T05:54,iso8601,2026-03-25T18:04,iso8601,9.3,0.0,mm,0,%,16.9,km/h,33.5,km/h,142,°,2026-03-25,iso8601
1522e9e000a9027d9582481c644bf9f7,2026-03-25-20-06,10.8316,106.7254,2,wmo code,"Trời quang, có mây rải rác",34.5,°C,23.3,°C,38.3,°C,27.3,°C,2026-03-25T05:54,iso8601,2026-03-25T18:03,iso8601,9.25,0.0,mm,0,%,16.9,km/h,33.5,km/h,142,°,2026-03-25,iso8601
0ab89b0cbb7852e76760887f26a0f538,2026-03-25-20-06,10.8629,106.7449,2,wmo code,"Trời quang, có mây rải rác",34.5,°C,23.2,°C,38.2,°C,27.2,°C,2026-03-25T05:54,iso8601,2026-03-25T18:03,iso8601,9.25,0.0,mm,0,%,16.9,km/h,33.5,km/h,142,°,2026-03-25,iso8601
df2b038c0bd8d1cae19775a89f3aeb75,2026-03-25-20-06,10.7942,106.757,2,wmo code,"Trời quang, có mây rải rác",33.9,°C,23.6,°C,37.4,°C,27.7,°C,2026-03-25T05:54,iso8601,2026-03-25T18:03,iso8601,9.25,0.0,mm,0,%,16.9,km/h,35.3,km/h,138,°,2026-03-25,iso8601
bd9febbafeeb285104a8c8f9a6feff3e,2026-03-25-20-06,10.7958,106.7807,2,wmo code,"Trời quang, có mây rải rác",33.9,°C,23.6,°C,37.4,°C,27.7,°C,2026-03-25T05:54,iso8601,2026-03-25T18:03,iso8601,9.25,0.0,mm,0,%,16.9,km/h,35.3,km/h,138,°,2026-03-25,iso8601
4adadefb2f494e815b54b8b48c9e86cf,2026-03-25-20-06,10.8053,106.6589,2,wmo code,"Trời quang, có mây rải rác",33.6,°C,23.1,°C,36.9,°C,27.1,°C,2026-03-25T05:54,iso8601,2026-03-25T18:04,iso8601,9.3,0.0,mm,0,%,16.1,km/h,32.4,km/h,138,°,2026-03-25,iso8601
fa678391a551977b9049b5334e5c9bb2,2026-03-25-20-06,10.7828,106.7199,2,wmo code,"Trời quang, có mây rải rác",33.9,°C,23.6,°C,37.4,°C,27.7,°C,2026-03-25T05:54,iso8601,2026-03-25T18:03,iso8601,9.25,0.0,mm,0,%,16.9,km/h,35.3,km/h,138,°,2026-03-25,iso8601
e5b84819c6a7788684b0a8577fe6ef97,2026-03-25-20-06,10.7467,106.6605,2,wmo code,"Trời quang, có mây rải rác",33.6,°C,23.1,°C,36.9,°C,27.1,°C,2026-03-25T05:54,iso8601,2026-03-25T18:04,iso8601,9.3,0.0,mm,0,%,16.1,km/h,32.4,km/h,138,°,2026-03-25,iso8601
58c00b65acb6d7287824a918c7de336f,2026-03-25-20-06,10.7598,106.659,2,wmo code,"Trời quang, có mây rải rác",33.5,°C,23.0,°C,36.9,°C,27.1,°C,2026-03-25T05:54,iso8601,2026-03-25T18:04,iso8601,9.3,0.0,mm,0,%,16.1,km/h,32.4,km/h,138,°,2026-03-25,iso8601
5d54589ad95a4a6319292c8de7625272,2026-03-25-20-06,10.8208,106.6833,2,wmo code,"Trời quang, có mây rải rác",34.3,°C,23.1,°C,38.1,°C,27.0,°C,2026-03-25T05:54,iso8601,2026-03-25T18:04,iso8601,9.3,0.0,mm,0,%,16.9,km/h,33.5,km/h,142,°,2026-03-25,iso8601
d9f08bb369d8a76c946053c9dc973675,2026-03-25-20-06,10.7568,106.7614,2,wmo code,"Trời quang, có mây rải rác",33.9,°C,23.7,°C,37.5,°C,27.7,°C,2026-03-25T05:54,iso8601,2026-03-25T18:03,iso8601,9.25,0.0,mm,0,%,16.9,km/h,35.3,km/h,138,°,2026-03-25,iso8601
8e365e564f35d72bd965cbb878b47020,2026-03-25-20-06,10.8226,106.6067,2,wmo code,"Trời quang, có mây rải rác",34.4,°C,23.2,°C,38.2,°C,27.1,°C,2026-03-25T05:54,iso8601,2026-03-25T18:04,iso8601,9.3,0.0,mm,0,%,16.9,km/h,33.5,km/h,142,°,2026-03-25,iso8601
5e821e35fcda063be2bb55ed0cd66a70,2026-03-25-20-06,10.8195,106.5507,2,wmo code,"Trời quang, có mây rải rác",34.0,°C,23.0,°C,38.0,°C,26.9,°C,2026-03-25T05:55,iso8601,2026-03-25T18:04,iso8601,9.25,0.0,mm,0,%,16.1,km/h,30.2,km/h,141,°,2026-03-25,iso8601
159d612f9b6a4d366e1a9c20f79f35ee,2026-03-25-20-06,10.7636,106.7826,2,wmo code,"Trời quang, có mây rải rác",33.9,°C,23.6,°C,37.4,°C,27.7,°C,2026-03-25T05:54,iso8601,2026-03-25T18:03,iso8601,9.25,0.0,mm,0,%,16.9,km/h,35.3,km/h,138,°,2026-03-25,iso8601
d71dd5fac508e54d226b3a5e3a350cea,2026-03-25-20-06,10.7638,106.6598,2,wmo code,"Trời quang, có mây rải rác",33.5,°C,23.0,°C,36.9,°C,27.1,°C,2026-03-25T05:54,iso8601,2026-03-25T18:04,iso8601,9.3,0.0,mm,0,%,16.1,km/h,32.4,km/h,138,°,2026-03-25,iso8601
357ed077dbeb535b9abb98b40ce50f74,2026-03-25-20-06,10.7838,106.6618,2,wmo code,"Trời quang, có mây rải rác",33.5,°C,23.0,°C,36.9,°C,27.1,°C,2026-03-25T05:54,iso8601,2026-03-25T18:04,iso8601,9.3,0.0,mm,0,%,16.1,km/h,32.4,km/h,138,°,2026-03-25,iso8601
eaa1d8a0b5ee7587a574cab4779e8069,2026-03-25-20-06,10.7089,106.5726,2,wmo code,"Trời quang, có mây rải rác",33.6,°C,23.1,°C,37.0,°C,27.2,°C,2026-03-25T05:54,iso8601,2026-03-25T18:04,iso8601,9.3,0.0,mm,0,%,16.1,km/h,32.4,km/h,138,°,2026-03-25,iso8601
3ef73e396466c2064083ffd1d6d7db30,2026-03-25-20-06,10.7904,106.657,2,wmo code,"Trời quang, có mây rải rác",33.6,°C,23.1,°C,36.9,°C,27.1,°C,2026-03-25T05:54,iso8601,2026-03-25T18:04,iso8601,9.3,0.0,mm,0,%,16.1,km/h,32.4,km/h,138,°,2026-03-25,iso8601
f633bf06989ace67548c52bce7130e95,2026-03-25-20-06,10.8112,106.6955,2,wmo code,"Trời quang, có mây rải rác",33.8,°C,23.6,°C,37.3,°C,27.6,°C,2026-03-25T05:54,iso8601,2026-03-25T18:03,iso8601,9.3,0.0,mm,0,%,16.9,km/h,35.3,km/h,138,°,2026-03-25,iso8601
7d6c0edb6c8b7560bfd6abbff04a7623,2026-03-25-20-06,10.7903,106.6523,2,wmo code,"Trời quang, có mây rải rác",33.5,°C,23.0,°C,36.9,°C,27.1,°C,2026-03-25T05:54,iso8601,2026-03-25T18:04,iso8601,9.3,0.0,mm,0,%,16.1,km/h,32.4,km/h,138,°,2026-03-25,iso8601
3b44d63b3bc134e06b0cb4e26a5d3304,2026-03-25-20-06,10.7704,106.7062,2,wmo code,"Trời quang, có mây rải rác",33.9,°C,23.6,°C,37.4,°C,27.7,°C,2026-03-25T05:54,iso8601,2026-03-25T18:03,iso8601,9.25,0.0,mm,0,%,16.9,km/h,35.3,km/h,138,°,2026-03-25,iso8601
5d8686b2d447843e68030c5cda6fa2e2,2026-03-25-20-06,10.8867,106.5897,2,wmo code,"Trời quang, có mây rải rác",34.4,°C,23.2,°C,38.2,°C,27.1,°C,2026-03-25T05:54,iso8601,2026-03-25T18:04,iso8601,9.3,0.0,mm,0,%,16.9,km/h,33.5,km/h,142,°,2026-03-25,iso8601
678b3c050fb3beed94da629f0ce6bd1d,2026-03-25-20-06,10.8333,106.6212,2,wmo code,"Trời quang, có mây rải rác",34.4,°C,23.1,°C,38.2,°C,27.1,°C,2026-03-25T05:54,iso8601,2026-03-25T18:04,iso8601,9.3,0.0,mm,0,%,16.9,km/h,33.5,km/h,142,°,2026-03-25,iso8601
da7747ba881916d828ba942bf47585ff,2026-03-25-20-06,10.8081,106.674,2,wmo code,"Trời quang, có mây rải rác",33.5,°C,23.0,°C,36.9,°C,27.1,°C,2026-03-25T05:54,iso8601,2026-03-25T18:04,iso8601,9.3,0.0,mm,0,%,16.1,km/h,32.4,km/h,138,°,2026-03-25,iso8601
9b8f748464a27e77deaba78654baa271,2026-03-25-20-06,10.769,106.6941,2,wmo code,"Trời quang, có mây rải rác",33.9,°C,23.6,°C,37.4,°C,27.7,°C,2026-03-25T05:54,iso8601,2026-03-25T18:03,iso8601,9.3,0.0,mm,0,%,16.9,km/h,35.3,km/h,138,°,2026-03-25,iso8601
c96cc95eb47b29a1666a1f505b6e9462,2026-03-25-20-06,10.7763,106.6087,2,wmo code,"Trời quang, có mây rải rác",33.6,°C,23.1,°C,36.9,°C,27.1,°C,2026-03-25T05:54,iso8601,2026-03-25T18:04,iso8601,9.3,0.0,mm,0,%,16.1,km/h,32.4,km/h,138,°,2026-03-25,iso8601
67e2fc538cc2634d7f82c12196ed3f9c,2026-03-25-20-06,10.8804,106.8104,2,wmo code,"Trời quang, có mây rải rác",34.4,°C,23.2,°C,38.2,°C,27.2,°C,2026-03-25T05:54,iso8601,2026-03-25T18:03,iso8601,9.25,0.0,mm,0,%,16.9,km/h,33.5,km/h,142,°,2026-03-25,iso8601
ed7605973c49b176471c75042af01014,2026-03-25-20-06,10.775,106.7104,2,wmo code,"Trời quang, có mây rải rác",33.9,°C,23.6,°C,37.4,°C,27.7,°C,2026-03-25T05:54,iso8601,2026-03-25T18:03,iso8601,9.25,0.0,mm,0,%,16.9,km/h,35.3,km/h,138,°,2026-03-25,iso8601
5d8a3e5f7b17ba513395f8a6a4150cc2,2026-03-25-20-06,10.7483,106.6818,2,wmo code,"Trời quang, có mây rải rác",33.6,°C,23.1,°C,36.9,°C,27.1,°C,2026-03-25T05:54,iso8601,2026-03-25T18:04,iso8601,9.3,0.0,mm,0,%,16.1,km/h,32.4,km/h,138,°,2026-03-25,iso8601
69612fa73726b3617315f5dbcb75d523,2026-03-25-20-06,10.8218,106.6993,2,wmo code,"Trời quang, có mây rải rác",34.5,°C,23.3,°C,38.3,°C,27.3,°C,2026-03-25T05:54,iso8601,2026-03-25T18:03,iso8601,9.25,0.0,mm,0,%,16.9,km/h,33.5,km/h,142,°,2026-03-25,iso8601
4ff1c86146a8f15a787642fe50ee30d5,2026-03-25-20-06,10.8007,106.7364,2,wmo code,"Trời quang, có mây rải rác",33.9,°C,23.6,°C,37.4,°C,27.7,°C,2026-03-25T05:54,iso8601,2026-03-25T18:03,iso8601,9.25,0.0,mm,0,%,16.9,km/h,35.3,km/h,138,°,2026-03-25,iso8601
f67cc9b9141adb8a2e9c62d647c26b37,2026-03-25-20-06,10.8308,106.6778,2,wmo code,"Trời quang, có mây rải rác",34.4,°C,23.1,°C,38.1,°C,27.0,°C,2026-03-25T05:54,iso8601,2026-03-25T18:04,iso8601,9.3,0.0,mm,0,%,16.9,km/h,33.5,km/h,142,°,2026-03-25,iso8601
dc93c8af5cdfc8db446940a3fa18c38c,2026-03-25-20-06,10.7483,106.6604,2,wmo code,"Trời quang, có mây rải rác",33.6,°C,23.1,°C,37.0,°C,27.2,°C,2026-03-25T05:54,iso8601,2026-03-25T18:04,iso8601,9.3,0.0,mm,0,%,16.1,km/h,32.4,km/h,138,°,2026-03-25,iso8601
524857f06019efbf0d456424d0ab340a,2026-03-25-20-06,10.755,106.71,2,wmo code,"Trời quang, có mây rải rác",33.9,°C,23.6,°C,37.4,°C,27.6,°C,2026-03-25T05:54,iso8601,2026-03-25T18:03,iso8601,9.25,0.0,mm,0,%,16.9,km/h,35.3,km/h,138,°,2026-03-25,iso8601
34b694fa39d720c50e59d25c063bdac1,2026-03-25-20-06,10.8548,106.7344,2,wmo code,"Trời quang, có mây rải rác",34.5,°C,23.3,°C,38.3,°C,27.3,°C,2026-03-25T05:54,iso8601,2026-03-25T18:03,iso8601,9.25,0.0,mm,0,%,16.9,km/h,33.5,km/h,142,°,2026-03-25,iso8601
22700581d6bd3daf2342f1772c11114c,2026-03-25-20-06,10.8263,106.68,2,wmo code,"Trời quang, có mây rải rác",34.4,°C,23.1,°C,38.1,°C,27.0,°C,2026-03-25T05:54,iso8601,2026-03-25T18:04,iso8601,9.3,0.0,mm,0,%,16.9,km/h,33.5,km/h,142,°,2026-03-25,iso8601
b07cddff21e96635b34fd7221a0b4c62,2026-03-25-20-06,10.7554,106.6634,2,wmo code,"Trời quang, có mây rải rác",33.6,°C,23.1,°C,36.9,°C,27.1,°C,2026-03-25T05:54,iso8601,2026-03-25T18:04,iso8601,9.3,0.0,mm,0,%,16.1,km/h,32.4,km/h,138,°,2026-03-25,iso8601
402e56aecba078ede6afdcd11aaa165d,2026-03-25-20-06,10.7527,106.6694,2,wmo code,"Trời quang, có mây rải rác",33.6,°C,23.1,°C,36.9,°C,27.1,°C,2026-03-25T05:54,iso8601,2026-03-25T18:04,iso8601,9.3,0.0,mm,0,%,16.1,km/h,32.4,km/h,138,°,2026-03-25,iso8601
bda846063a0f7891c5c483bb47f70323,2026-03-25-20-06,10.7536,106.6538,2,wmo code,"Trời quang, có mây rải rác",33.5,°C,23.0,°C,36.9,°C,27.1,°C,2026-03-25T05:54,iso8601,2026-03-25T18:04,iso8601,9.3,0.0,mm,0,%,16.1,km/h,32.4,km/h,138,°,2026-03-25,iso8601
3b1dafb6ae9c3305f6a35706e80af864,2026-03-25-20-06,10.7757,106.7061,2,wmo code,"Trời quang, có mây rải rác",33.9,°C,23.6,°C,37.4,°C,27.7,°C,2026-03-25T05:54,iso8601,2026-03-25T18:03,iso8601,9.25,0.0,mm,0,%,16.9,km/h,35.3,km/h,138,°,2026-03-25,iso8601
90498184b9db90ea772a2c8b99234878,2026-03-25-20-06,10.8619,106.6498,2,wmo code,"Trời quang, có mây rải rác",34.4,°C,23.2,°C,38.2,°C,27.1,°C,2026-03-25T05:54,iso8601,2026-03-25T18:04,iso8601,9.3,0.0,mm,0,%,16.9,km/h,33.5,km/h,142,°,2026-03-25,iso8601
ea14fc6b6273dcb810b2b2df002c6e95,2026-03-25-20-06,10.7753,106.6864,2,wmo code,"Trời quang, có mây rải rác",33.5,°C,23.0,°C,36.9,°C,27.1,°C,2026-03-25T05:54,iso8601,2026-03-25T18:04,iso8601,9.3,0.0,mm,0,%,16.1,km/h,32.4,km/h,138,°,2026-03-25,iso8601
9b1017f69eb0df6c948c7c8b77e3b590,2026-03-25-20-06,10.7516,106.6191,2,wmo code,"Trời quang, có mây rải rác",33.6,°C,23.1,°C,36.9,°C,27.1,°C,2026-03-25T05:54,iso8601,2026-03-25T18:04,iso8601,9.3,0.0,mm,0,%,16.1,km/h,32.4,km/h,138,°,2026-03-25,iso8601
d18072f177d6608c95ab07b28340de09,2026-03-25-20-06,10.7739,106.6572,2,wmo code,"Trời quang, có mây rải rác",33.5,°C,23.0,°C,36.9,°C,27.1,°C,2026-03-25T05:54,iso8601,2026-03-25T18:04,iso8601,9.3,0.0,mm,0,%,16.1,km/h,32.4,km/h,138,°,2026-03-25,iso8601
ec236910415bc7dd690175f42168ccbf,2026-03-25-20-06,10.7232,106.6338,2,wmo code,"Trời quang, có mây rải rác",33.6,°C,23.1,°C,37.0,°C,27.2,°C,2026-03-25T05:54,iso8601,2026-03-25T18:04,iso8601,9.3,0.0,mm,0,%,16.1,km/h,32.4,km/h,138,°,2026-03-25,iso8601
438d803e98b5e9edb01239ed9f38a441,2026-03-25-20-06,10.8386,106.7676,2,wmo code,"Trời quang, có mây rải rác",34.5,°C,23.2,°C,38.2,°C,27.2,°C,2026-03-25T05:54,iso8601,2026-03-25T18:03,iso8601,9.25,0.0,mm,0,%,16.9,km/h,33.5,km/h,142,°,2026-03-25,iso8601
db1ca1f601c3e4286cbd5fb8c9a2f971,2026-03-25-20-06,10.7492,106.6845,2,wmo code,"Trời quang, có mây rải rác",33.6,°C,23.1,°C,37.0,°C,27.2,°C,2026-03-25T05:54,iso8601,2026-03-25T18:04,iso8601,9.3,0.0,mm,0,%,16.1,km/h,32.4,km/h,138,°,2026-03-25,iso8601
0b82b4afd40f0bef656c72b9d0ee6272,2026-03-25-20-06,10.8659,106.616,2,wmo code,"Trời quang, có mây rải rác",34.4,°C,23.1,°C,38.1,°C,27.1,°C,2026-03-25T05:54,iso8601,2026-03-25T18:04,iso8601,9.3,0.0,mm,0,%,16.9,km/h,33.5,km/h,142,°,2026-03-25,iso8601
350f7b53fede3656481d441c37a80d41,2026-03-25-20-06,10.7893,106.6893,2,wmo code,"Trời quang, có mây rải rác",33.8,°C,23.6,°C,37.3,°C,27.6,°C,2026-03-25T05:54,iso8601,2026-03-25T18:03,iso8601,9.3,0.0,mm,0,%,16.9,km/h,35.3,km/h,138,°,2026-03-25,iso8601
f96c06c220bb6aec5f6839606772eb70,2026-03-25-20-06,10.8772,106.6248,2,wmo code,"Trời quang, có mây rải rác",34.4,°C,23.2,°C,38.2,°C,27.1,°C,2026-03-25T05:54,iso8601,2026-03-25T18:04,iso8601,9.3,0.0,mm,0,%,16.9,km/h,33.5,km/h,142,°,2026-03-25,iso8601
9547f59c0fe7c6ddc4f7fa89b15f639b,2026-03-25-20-06,10.7662,106.6449,2,wmo code,"Trời quang, có mây rải rác",33.6,°C,23.1,°C,36.9,°C,27.1,°C,2026-03-25T05:54,iso8601,2026-03-25T18:04,iso8601,9.3,0.0,mm,0,%,16.1,km/h,32.4,km/h,138,°,2026-03-25,iso8601
ffdbfabf1b779668f7d488f81a0759d8,2026-03-25-20-06,10.7983,106.6417,2,wmo code,"Trời quang, có mây rải rác",33.5,°C,23.0,°C,36.9,°C,27.1,°C,2026-03-25T05:54,iso8601,2026-03-25T18:04,iso8601,9.3,0.0,mm,0,%,16.1,km/h,32.4,km/h,138,°,2026-03-25,iso8601
7050a07783c0e630eefbcd94933019af,2026-03-25-20-06,10.8214,106.6064,2,wmo code,"Trời quang, có mây rải rác",34.4,°C,23.2,°C,38.2,°C,27.1,°C,2026-03-25T05:54,iso8601,2026-03-25T18:04,iso8601,9.3,0.0,mm,0,%,16.9,km/h,33.5,km/h,142,°,2026-03-25,iso8601
8c7601cef52f0670f5cb7a5ba1bbadac,2026-03-25-20-06,10.768,106.6953,2,wmo code,"Trời quang, có mây rải rác",33.8,°C,23.6,°C,37.3,°C,27.6,°C,2026-03-25T05:54,iso8601,2026-03-25T18:03,iso8601,9.3,0.0,mm,0,%,16.9,km/h,35.3,km/h,138,°,2026-03-25,iso8601
2338962aaed3e0409092492e98263046,2026-03-25-20-06,10.8249,106.6275,2,wmo code,"Trời quang, có mây rải rác",34.4,°C,23.2,°C,38.2,°C,27.1,°C,2026-03-25T05:54,iso8601,2026-03-25T18:04,iso8601,9.3,0.0,mm,0,%,16.9,km/h,33.5,km/h,142,°,2026-03-25,iso8601
c525e84af64a6c3d7880ae21ff1084dc,2026-03-25-20-06,10.7627,106.6446,2,wmo code,"Trời quang, có mây rải rác",33.5,°C,23.0,°C,36.9,°C,27.1,°C,2026-03-25T05:54,iso8601,2026-03-25T18:04,iso8601,9.3,0.0,mm,0,%,16.1,km/h,32.4,km/h,138,°,2026-03-25,iso8601
0679a066d9c8f303377f37ac7a47c74d,2026-03-25-20-06,10.7652,106.6816,2,wmo code,"Trời quang, có mây rải rác",33.6,°C,23.1,°C,36.9,°C,27.1,°C,2026-03-25T05:54,iso8601,2026-03-25T18:04,iso8601,9.3,0.0,mm,0,%,16.1,km/h,32.4,km/h,138,°,2026-03-25,iso8601
e8b212948238c2edd102706d16576d8f,2026-03-25-20-06,10.8799,106.59,2,wmo code,"Trời quang, có mây rải rác",34.4,°C,23.2,°C,38.2,°C,27.1,°C,2026-03-25T05:54,iso8601,2026-03-25T18:04,iso8601,9.3,0.0,mm,0,%,16.9,km/h,33.5,km/h,142,°,2026-03-25,iso8601
444c90dbab5fb43ac25e4e7b3069667e,2026-03-25-20-06,10.7379,106.6148,2,wmo code,"Trời quang, có mây rải rác",33.6,°C,23.1,°C,36.9,°C,27.1,°C,2026-03-25T05:54,iso8601,2026-03-25T18:04,iso8601,9.3,0.0,mm,0,%,16.1,km/h,32.4,km/h,138,°,2026-03-25,iso8601
79e19c1649105ef8ca20fbe1590908a4,2026-03-25-20-06,10.8604,106.7908,2,wmo code,"Trời quang, có mây rải rác",34.5,°C,23.2,°C,38.2,°C,27.2,°C,2026-03-25T05:54,iso8601,2026-03-25T18:03,iso8601,9.25,0.0,mm,0,%,16.9,km/h,33.5,km/h,142,°,2026-03-25,iso8601
7d7423620b02bdbc2d5f2f733f73ce30,2026-03-25-20-06,10.7917,106.6872,2,wmo code,"Trời quang, có mây rải rác",33.6,°C,23.1,°C,36.9,°C,27.1,°C,2026-03-25T05:54,iso8601,2026-03-25T18:04,iso8601,9.3,0.0,mm,0,%,16.1,km/h,32.4,km/h,138,°,2026-03-25,iso8601
e36b882b9c85d454a0300fea6df86f4e,2026-03-25-20-06,10.7833,106.7654,2,wmo code,"Trời quang, có mây rải rác",33.8,°C,23.6,°C,37.4,°C,27.6,°C,2026-03-25T05:54,iso8601,2026-03-25T18:03,iso8601,9.25,0.0,mm,0,%,16.9,km/h,35.3,km/h,138,°,2026-03-25,iso8601
4b75a324dd7eec04c8ac3738ff800766,2026-03-25-20-06,10.8026,106.6965,2,wmo code,"Trời quang, có mây rải rác",33.8,°C,23.6,°C,37.4,°C,27.6,°C,2026-03-25T05:54,iso8601,2026-03-25T18:03,iso8601,9.3,0.0,mm,0,%,16.9,km/h,35.3,km/h,138,°,2026-03-25,iso8601
03b477d928da55ca9ffa29542cabadf9,2026-03-25-20-06,10.8009,106.66,2,wmo code,"Trời quang, có mây rải rác",33.5,°C,23.0,°C,36.9,°C,27.0,°C,2026-03-25T05:54,iso8601,2026-03-25T18:04,iso8601,9.3,0.0,mm,0,%,16.1,km/h,32.4,km/h,138,°,2026-03-25,iso8601
1e8dcc83952c7dc465992aac257443b6,2026-03-25-20-06,10.8144,106.6785,2,wmo code,"Trời quang, có mây rải rác",34.3,°C,23.1,°C,38.1,°C,27.0,°C,2026-03-25T05:54,iso8601,2026-03-25T18:04,iso8601,9.3,0.0,mm,0,%,16.9,km/h,33.5,km/h,142,°,2026-03-25,iso8601
018c801b805c535de3e65e1877a42922,2026-03-25-20-06,10.8312,106.6227,2,wmo code,"Trời quang, có mây rải rác",34.4,°C,23.2,°C,38.2,°C,27.1,°C,2026-03-25T05:54,iso8601,2026-03-25T18:04,iso8601,9.3,0.0,mm,0,%,16.9,km/h,33.5,km/h,142,°,2026-03-25,iso8601
6b2c88b561aea1b33901f3e7621609a6,2026-03-25-20-06,10.8641,106.7572,2,wmo code,"Trời quang, có mây rải rác",34.3,°C,23.1,°C,38.1,°C,27.0,°C,2026-03-25T05:54,iso8601,2026-03-25T18:03,iso8601,9.25,0.0,mm,0,%,16.9,km/h,33.5,km/h,142,°,2026-03-25,iso8601
cb19f4ec4fb65fd0ede65fb5ba4bb487,2026-03-25-20-06,10.7792,106.682,2,wmo code,"Trời quang, có mây rải rác",33.6,°C,23.1,°C,36.9,°C,27.1,°C,2026-03-25T05:54,iso8601,2026-03-25T18:04,iso8601,9.3,0.0,mm,0,%,16.1,km/h,32.4,km/h,138,°,2026-03-25,iso8601
d619daa10f574702b0448f44d5ce36da,2026-03-25-20-06,10.7823,106.6795,2,wmo code,"Trời quang, có mây rải rác",33.6,°C,23.1,°C,36.9,°C,27.1,°C,2026-03-25T05:54,iso8601,2026-03-25T18:04,iso8601,9.3,0.0,mm,0,%,16.1,km/h,32.4,km/h,138,°,2026-03-25,iso8601
5f662f25fd725bdeb66d40dda83905f0,2026-03-25-20-06,10.7693,106.7748,2,wmo code,"Trời quang, có mây rải rác",33.9,°C,23.6,°C,37.4,°C,27.7,°C,2026-03-25T05:54,iso8601,2026-03-25T18:03,iso8601,9.25,0.0,mm,0,%,16.9,km/h,35.3,km/h,138,°,2026-03-25,iso8601
9d63c09781c0bd9e4d4195934b92e2d2,2026-03-25-20-06,10.7468,106.7929,2,wmo code,"Trời quang, có mây rải rác",33.9,°C,23.6,°C,37.4,°C,27.7,°C,2026-03-25T05:54,iso8601,2026-03-25T18:03,iso8601,9.25,0.0,mm,0,%,16.9,km/h,35.3,km/h,138,°,2026-03-25,iso8601
146e2d73d85a20c3f88e069c1a0eb3c8,2026-03-25-20-06,10.8522,106.6874,2,wmo code,"Trời quang, có mây rải rác",34.4,°C,23.2,°C,38.2,°C,27.2,°C,2026-03-25T05:54,iso8601,2026-03-25T18:04,iso8601,9.3,0.0,mm,0,%,16.9,km/h,33.5,km/h,142,°,2026-03-25,iso8601
7cf876c357fdf469907fb0864acc8f94,2026-03-25-20-06,10.753,106.6587,2,wmo code,"Trời quang, có mây rải rác",33.5,°C,23.0,°C,36.9,°C,27.1,°C,2026-03-25T05:54,iso8601,2026-03-25T18:04,iso8601,9.3,0.0,mm,0,%,16.1,km/h,32.4,km/h,138,°,2026-03-25,iso8601
edd04a4ad93a14c44c8817dc0837f268,2026-03-25-20-06,10.7552,106.6584,2,wmo code,"Trời quang, có mây rải rác",33.5,°C,23.0,°C,36.9,°C,27.1,°C,2026-03-25T05:54,iso8601,2026-03-25T18:04,iso8601,9.3,0.0,mm,0,%,16.1,km/h,32.4,km/h,138,°,2026-03-25,iso8601
046f4aa6033f41e3c95ccf358ecc8930,2026-03-25-20-06,10.7193,106.7432,2,wmo code,"Trời quang, có mây rải rác",33.9,°C,23.6,°C,37.4,°C,27.7,°C,2026-03-25T05:54,iso8601,2026-03-25T18:03,iso8601,9.25,0.0,mm,0,%,16.9,km/h,35.3,km/h,138,°,2026-03-25,iso8601
d0669f7c3f0eecbc66b9e383dc464dd0,2026-03-25-20-06,10.7894,106.6517,2,wmo code,"Trời quang, có mây rải rác",33.5,°C,23.0,°C,36.9,°C,27.1,°C,2026-03-25T05:54,iso8601,2026-03-25T18:04,iso8601,9.3,0.0,mm,0,%,16.1,km/h,32.4,km/h,138,°,2026-03-25,iso8601
e62b460cb5dfffa330bf11b4536e472d,2026-03-25-20-06,10.8422,106.7634,2,wmo code,"Trời quang, có mây rải rác",34.4,°C,23.2,°C,38.2,°C,27.2,°C,2026-03-25T05:54,iso8601,2026-03-25T18:03,iso8601,9.25,0.0,mm,0,%,16.9,km/h,33.5,km/h,142,°,2026-03-25,iso8601
a51528395d31c090fff4145cdd95a9a5,2026-03-25-20-06,10.759,106.6416,2,wmo code,"Trời quang, có mây rải rác",33.5,°C,23.0,°C,36.9,°C,27.1,°C,2026-03-25T05:54,iso8601,2026-03-25T18:04,iso8601,9.3,0.0,mm,0,%,16.1,km/h,32.4,km/h,138,°,2026-03-25,iso8601
b9d383cf31bb70a7cbce76c3ccb5deae,2026-03-25-20-06,10.7936,106.6724,2,wmo code,"Trời quang, có mây rải rác",33.5,°C,23.0,°C,36.9,°C,27.1,°C,2026-03-25T05:54,iso8601,2026-03-25T18:04,iso8601,9.3,0.0,mm,0,%,16.1,km/h,32.4,km/h,138,°,2026-03-25,iso8601
f64084f5e90ce4ca4255d29ea3d64081,2026-03-25-20-06,10.846,106.7288,2,wmo code,"Trời quang, có mây rải rác",34.5,°C,23.3,°C,38.3,°C,27.3,°C,2026-03-25T05:54,iso8601,2026-03-25T18:03,iso8601,9.25,0.0,mm,0,%,16.9,km/h,33.5,km/h,142,°,2026-03-25,iso8601
f09e9c5468720a5fd76e0bf91db34785,2026-03-25-20-06,10.7711,106.6929,2,wmo code,"Trời quang, có mây rải rác",33.8,°C,23.6,°C,37.3,°C,27.6,°C,2026-03-25T05:54,iso8601,2026-03-25T18:03,iso8601,9.3,0.0,mm,0,%,16.9,km/h,35.3,km/h,138,°,2026-03-25,iso8601
c742b494ea61db44309ba54420f04662,2026-03-25-20-06,10.8621,106.7959,2,wmo code,"Trời quang, có mây rải rác",34.4,°C,23.1,°C,38.2,°C,27.1,°C,2026-03-25T05:54,iso8601,2026-03-25T18:03,iso8601,9.25,0.0,mm,0,%,16.9,km/h,33.5,km/h,142,°,2026-03-25,iso8601
a7c3f9d711cf939db279fdcfb5ff8d0d,2026-03-25-20-06,10.7776,106.6816,2,wmo code,"Trời quang, có mây rải rác",33.6,°C,23.1,°C,36.9,°C,27.1,°C,2026-03-25T05:54,iso8601,2026-03-25T18:04,iso8601,9.3,0.0,mm,0,%,16.1,km/h,32.4,km/h,138,°,2026-03-25,iso8601
9d240270dccd9ed708ab919407c8f804,2026-03-25-20-06,10.7993,106.6785,2,wmo code,"Trời quang, có mây rải rác",33.5,°C,23.0,°C,36.8,°C,27.0,°C,2026-03-25T05:54,iso8601,2026-03-25T18:04,iso8601,9.3,0.0,mm,0,%,16.1,km/h,32.4,km/h,138,°,2026-03-25,iso8601
98a0390468d612a21c2a0f03c4b693fb,2026-03-25-20-06,10.8691,106.7146,2,wmo code,"Trời quang, có mây rải rác",34.5,°C,23.3,°C,38.3,°C,27.3,°C,2026-03-25T05:54,iso8601,2026-03-25T18:03,iso8601,9.25,0.0,mm,0,%,16.9,km/h,33.5,km/h,142,°,2026-03-25,iso8601
9639ccbb53d7c7aa83a76252d96f6a30,2026-03-25-20-06,10.7508,106.659,2,wmo code,"Trời quang, có mây rải rác",33.5,°C,23.0,°C,36.9,°C,27.1,°C,2026-03-25T05:54,iso8601,2026-03-25T18:04,iso8601,9.3,0.0,mm,0,%,16.1,km/h,32.4,km/h,138,°,2026-03-25,iso8601
ab8d9751785a0f9569f4a4f02c7b4ec3,2026-03-25-20-06,10.7452,106.6958,2,wmo code,"Trời quang, có mây rải rác",33.9,°C,23.6,°C,37.4,°C,27.7,°C,2026-03-25T05:54,iso8601,2026-03-25T18:03,iso8601,9.3,0.0,mm,0,%,16.9,km/h,35.3,km/h,138,°,2026-03-25,iso8601
dde9586f3c1888aaba6c91fc8ec11ec1,2026-03-25-20-06,10.7997,106.6413,2,wmo code,"Trời quang, có mây rải rác",33.5,°C,23.0,°C,36.9,°C,27.1,°C,2026-03-25T05:54,iso8601,2026-03-25T18:04,iso8601,9.3,0.0,mm,0,%,16.1,km/h,32.4,km/h,138,°,2026-03-25,iso8601
e91d050d81a15c1854aafa980d24fda9,2026-03-25-20-06,10.758,106.6493,2,wmo code,"Trời quang, có mây rải rác",33.6,°C,23.1,°C,36.9,°C,27.1,°C,2026-03-25T05:54,iso8601,2026-03-25T18:04,iso8601,9.3,0.0,mm,0,%,16.1,km/h,32.4,km/h,138,°,2026-03-25,iso8601
ecdf13761c150a7cff9fccf24046e694,2026-03-25-20-06,10.8629,106.7549,2,wmo code,"Trời quang, có mây rải rác",34.4,°C,23.1,°C,38.1,°C,27.1,°C,2026-03-25T05:54,iso8601,2026-03-25T18:03,iso8601,9.25,0.0,mm,0,%,16.9,km/h,33.5,km/h,142,°,2026-03-25,iso8601
a89aa36b7c2eff6f567f7598e4be48a7,2026-03-25-20-06,10.8025,106.7457,2,wmo code,"Trời quang, có mây rải rác",33.9,°C,23.6,°C,37.4,°C,27.7,°C,2026-03-25T05:54,iso8601,2026-03-25T18:03,iso8601,9.25,0.0,mm,0,%,16.9,km/h,35.3,km/h,138,°,2026-03-25,iso8601
61befe6a24cb50fc81cd2d1620af1bc3,2026-03-25-20-06,10.7682,106.6669,2,wmo code,"Trời quang, có mây rải rác",33.6,°C,23.1,°C,36.9,°C,27.1,°C,2026-03-25T05:54,iso8601,2026-03-25T18:04,iso8601,9.3,0.0,mm,0,%,16.1,km/h,32.4,km/h,138,°,2026-03-25,iso8601
3850c4334caa1fa9eb43a8b80bc98479,2026-03-25-20-06,10.7493,106.6881,2,wmo code,"Trời quang, có mây rải rác",33.8,°C,23.6,°C,37.4,°C,27.6,°C,2026-03-25T05:54,iso8601,2026-03-25T18:03,iso8601,9.3,0.0,mm,0,%,16.9,km/h,35.3,km/h,138,°,2026-03-25,iso8601
4b0ec3a549fc39fb024a03016afa5e1d,2026-03-25-20-06,10.7919,106.7139,2,wmo code,"Trời quang, có mây rải rác",33.9,°C,23.6,°C,37.4,°C,27.7,°C,2026-03-25T05:54,iso8601,2026-03-25T18:03,iso8601,9.25,0.0,mm,0,%,16.9,km/h,35.3,km/h,138,°,2026-03-25,iso8601
de3f61bf66722bfe12fa74c4e6f9ad41,2026-03-25-20-06,10.7781,106.6556,2,wmo code,"Trời quang, có mây rải rác",33.5,°C,23.0,°C,36.9,°C,27.1,°C,2026-03-25T05:54,iso8601,2026-03-25T18:04,iso8601,9.3,0.0,mm,0,%,16.1,km/h,32.4,km/h,138,°,2026-03-25,iso8601
6d43ac48d52a0734ee773d721aa4127c,2026-03-25-20-06,10.7414,106.6185,2,wmo code,"Trời quang, có mây rải rác",33.6,°C,23.1,°C,36.9,°C,27.1,°C,2026-03-25T05:54,iso8601,2026-03-25T18:04,iso8601,9.3,0.0,mm,0,%,16.1,km/h,32.4,km/h,138,°,2026-03-25,iso8601
a15f1b5b38741dfeb44c3281a591add9,2026-03-25-20-06,10.7342,106.7271,2,wmo code,"Trời quang, có mây rải rác",33.9,°C,23.6,°C,37.4,°C,27.7,°C,2026-03-25T05:54,iso8601,2026-03-25T18:03,iso8601,9.25,0.0,mm,0,%,16.9,km/h,35.3,km/h,138,°,2026-03-25,iso8601
beb72a2cfa3817e8ac8f13da3f0951b7,2026-03-25-20-06,10.7047,106.5974,2,wmo code,"Trời quang, có mây rải rác",33.6,°C,23.1,°C,37.0,°C,27.2,°C,2026-03-25T05:54,iso8601,2026-03-25T18:04,iso8601,9.3,0.0,mm,0,%,16.1,km/h,32.4,km/h,138,°,2026-03-25,iso8601
81b575c76e07e31e195a8cc54482dc4e,2026-03-25-20-06,10.7684,106.6527,2,wmo code,"Trời quang, có mây rải rác",33.6,°C,23.1,°C,36.9,°C,27.1,°C,2026-03-25T05:54,iso8601,2026-03-25T18:04,iso8601,9.3,0.0,mm,0,%,16.1,km/h,32.4,km/h,138,°,2026-03-25,iso8601
93bc343a1674b87a9c94751ba59a31ee,2026-03-25-20-06,10.8013,106.7111,2,wmo code,"Trời quang, có mây rải rác",33.9,°C,23.6,°C,37.4,°C,27.7,°C,2026-03-25T05:54,iso8601,2026-03-25T18:03,iso8601,9.25,0.0,mm,0,%,16.9,km/h,35.3,km/h,138,°,2026-03-25,iso8601
300ec2a67d379d8fb9f38795d2bb3dc2,2026-03-25-20-06,10.7619,106.6445,2,wmo code,"Trời quang, có mây rải rác",33.6,°C,23.1,°C,36.9,°C,27.1,°C,2026-03-25T05:54,iso8601,2026-03-25T18:04,iso8601,9.3,0.0,mm,0,%,16.1,km/h,32.4,km/h,138,°,2026-03-25,iso8601
758f0f674d36a6475ec7bb683ef93608,2026-03-25-20-06,10.8472,106.6694,2,wmo code,"Trời quang, có mây rải rác",34.4,°C,23.1,°C,38.1,°C,27.1,°C,2026-03-25T05:54,iso8601,2026-03-25T18:04,iso8601,9.3,0.0,mm,0,%,16.9,km/h,33.5,km/h,142,°,2026-03-25,iso8601
b81f1d5593dc568ed2ee2a1d1d0fd283,2026-03-25-20-06,10.7644,106.682,2,wmo code,"Trời quang, có mây rải rác",33.6,°C,23.1,°C,36.9,°C,27.1,°C,2026-03-25T05:54,iso8601,2026-03-25T18:04,iso8601,9.3,0.0,mm,0,%,16.1,km/h,32.4,km/h,138,°,2026-03-25,iso8601
7377b854366a17ff6289843c7500a0bd,2026-03-25-20-06,10.7805,106.6553,2,wmo code,"Trời quang, có mây rải rác",33.5,°C,23.0,°C,36.9,°C,27.1,°C,2026-03-25T05:54,iso8601,2026-03-25T18:04,iso8601,9.3,0.0,mm,0,%,16.1,km/h,32.4,km/h,138,°,2026-03-25,iso8601
5cfc596b6c752d76fc5c86c8835bccab,2026-03-25-20-06,10.7519,106.6773,2,wmo code,"Trời quang, có mây rải rác",33.6,°C,23.1,°C,36.9,°C,27.1,°C,2026-03-25T05:54,iso8601,2026-03-25T18:04,iso8601,9.3,0.0,mm,0,%,16.1,km/h,32.4,km/h,138,°,2026-03-25,iso8601
98e7086cdf3fb34a7d50cdbb21c5ece0,2026-03-25-20-06,10.8428,106.6753,2,wmo code,"Trời quang, có mây rải rác",34.4,°C,23.1,°C,38.1,°C,27.1,°C,2026-03-25T05:54,iso8601,2026-03-25T18:04,iso8601,9.3,0.0,mm,0,%,16.9,km/h,33.5,km/h,142,°,2026-03-25,iso8601
b07cddff21e96635b34fd7221a0b4c62,2026-03-25-20-06,10.755,106.6603,2,wmo code,"Trời quang, có mây rải rác",33.5,°C,23.0,°C,36.9,°C,27.1,°C,2026-03-25T05:54,iso8601,2026-03-25T18:04,iso8601,9.3,0.0,mm,0,%,16.1,km/h,32.4,km/h,138,°,2026-03-25,iso8601
d7a7550d4921fe13dd28d6c466df0475,2026-03-25-20-06,10.7884,106.6565,2,wmo code,"Trời quang, có mây rải rác",33.5,°C,23.0,°C,36.9,°C,27.1,°C,2026-03-25T05:54,iso8601,2026-03-25T18:04,iso8601,9.3,0.0,mm,0,%,16.1,km/h,32.4,km/h,138,°,2026-03-25,iso8601
a0a597c2c92138e7e7e211d637e1413d,2026-03-25-20-06,10.825,106.603,2,wmo code,"Trời quang, có mây rải rác",34.4,°C,23.2,°C,38.2,°C,27.1,°C,2026-03-25T05:54,iso8601,2026-03-25T18:04,iso8601,9.3,0.0,mm,0,%,16.9,km/h,33.5,km/h,142,°,2026-03-25,iso8601
418de2d4cb47c9713d6fb6099c8c7795,2026-03-25-20-06,10.8252,106.7108,2,wmo code,"Trời quang, có mây rải rác",34.5,°C,23.3,°C,38.4,°C,27.3,°C,2026-03-25T05:54,iso8601,2026-03-25T18:03,iso8601,9.25,0.0,mm,0,%,16.9,km/h,33.5,km/h,142,°,2026-03-25,iso8601
364573706454b6977a6ae34b10f00b3c,2026-03-25-20-06,10.7661,106.6477,2,wmo code,"Trời quang, có mây rải rác",33.6,°C,23.1,°C,36.9,°C,27.1,°C,2026-03-25T05:54,iso8601,2026-03-25T18:04,iso8601,9.3,0.0,mm,0,%,16.1,km/h,32.4,km/h,138,°,2026-03-25,iso8601
d7d573ef43ad02a39c98a40c157414be,2026-03-25-20-06,10.7921,106.6993,2,wmo code,"Trời quang, có mây rải rác",33.9,°C,23.6,°C,37.4,°C,27.7,°C,2026-03-25T05:54,iso8601,2026-03-25T18:03,iso8601,9.25,0.0,mm,0,%,16.9,km/h,35.3,km/h,138,°,2026-03-25,iso8601
44e91f11a43e9dfdbe7c1eb4c0c12b82,2026-03-25-20-06,10.7592,106.6612,2,wmo code,"Trời quang, có mây rải rác",33.5,°C,23.0,°C,36.9,°C,27.0,°C,2026-03-25T05:54,iso8601,2026-03-25T18:04,iso8601,9.3,0.0,mm,0,%,16.1,km/h,32.4,km/h,138,°,2026-03-25,iso8601
cfee41269e100ac72dee07e16c1b7ab4,2026-03-25-20-06,10.7916,106.7304,2,wmo code,"Trời quang, có mây rải rác",33.9,°C,23.6,°C,37.4,°C,27.7,°C,2026-03-25T05:54,iso8601,2026-03-25T18:03,iso8601,9.25,0.0,mm,0,%,16.9,km/h,35.3,km/h,138,°,2026-03-25,iso8601
f3b77211e4a2df3a18a8db9e5af46cf9,2026-03-25-20-06,10.7698,106.7749,2,wmo code,"Trời quang, có mây rải rác",33.9,°C,23.6,°C,37.4,°C,27.7,°C,2026-03-25T05:54,iso8601,2026-03-25T18:03,iso8601,9.25,0.0,mm,0,%,16.9,km/h,35.3,km/h,138,°,2026-03-25,iso8601
2612cb55d06e5399ec789f2dc1b3f036,2026-03-25-20-06,10.8046,106.6611,2,wmo code,"Trời quang, có mây rải rác",33.6,°C,23.1,°C,36.9,°C,27.1,°C,2026-03-25T05:54,iso8601,2026-03-25T18:04,iso8601,9.3,0.0,mm,0,%,16.1,km/h,32.4,km/h,138,°,2026-03-25,iso8601
e380c78f707437fc909242b77223c5c3,2026-03-25-20-06,10.7796,106.5997,2,wmo code,"Trời quang, có mây rải rác",33.6,°C,23.1,°C,36.9,°C,27.1,°C,2026-03-25T05:54,iso8601,2026-03-25T18:04,iso8601,9.3,0.0,mm,0,%,16.1,km/h,32.4,km/h,138,°,2026-03-25,iso8601
4f735e9651a22406b096484436a338f8,2026-03-25-20-06,10.693,106.5803,2,wmo code,"Trời quang, có mây rải rác",33.6,°C,23.1,°C,37.0,°C,27.2,°C,2026-03-25T05:54,iso8601,2026-03-25T18:04,iso8601,9.3,0.0,mm,0,%,16.1,km/h,32.4,km/h,138,°,2026-03-25,iso8601
2739fe71a8fdb3855bc69a5d8982bc75,2026-03-25-20-06,10.6795,106.5694,2,wmo code,"Trời quang, có mây rải rác",33.2,°C,23.2,°C,36.5,°C,27.3,°C,2026-03-25T05:54,iso8601,2026-03-25T18:04,iso8601,9.3,0.0,mm,0,%,16.3,km/h,32.4,km/h,134,°,2026-03-25,iso8601
1fb9c9a180180aeee163ef5ba2f67729,2026-03-25-20-06,10.7636,106.6786,2,wmo code,"Trời quang, có mây rải rác",33.5,°C,23.0,°C,36.9,°C,27.1,°C,2026-03-25T05:54,iso8601,2026-03-25T18:04,iso8601,9.3,0.0,mm,0,%,16.1,km/h,32.4,km/h,138,°,2026-03-25,iso8601
3a1aa87c6bcdaad34a529936ba1386ac,2026-03-25-20-06,10.7971,106.647,2,wmo code,"Trời quang, có mây rải rác",33.5,°C,23.0,°C,36.9,°C,27.1,°C,2026-03-25T05:54,iso8601,2026-03-25T18:04,iso8601,9.3,0.0,mm,0,%,16.1,km/h,32.4,km/h,138,°,2026-03-25,iso8601
c1bc92586eafb44a409bf6c1095b5a62,2026-03-25-20-06,10.77,106.647,2,wmo code,"Trời quang, có mây rải rác",33.5,°C,23.0,°C,36.9,°C,27.1,°C,2026-03-25T05:54,iso8601,2026-03-25T18:04,iso8601,9.3,0.0,mm,0,%,16.1,km/h,32.4,km/h,138,°,2026-03-25,iso8601
550260e29117fbbd7883acfc1a21b7d8,2026-03-25-20-06,10.7509,106.6836,2,wmo code,"Trời quang, có mây rải rác",33.6,°C,23.1,°C,37.0,°C,27.2,°C,2026-03-25T05:54,iso8601,2026-03-25T18:04,iso8601,9.3,0.0,mm,0,%,16.1,km/h,32.4,km/h,138,°,2026-03-25,iso8601
45451154c2024c922a22984ec583ee80,2026-03-25-20-06,10.7672,106.6999,2,wmo code,"Trời quang, có mây rải rác",33.8,°C,23.6,°C,37.3,°C,27.6,°C,2026-03-25T05:54,iso8601,2026-03-25T18:03,iso8601,9.25,0.0,mm,0,%,16.9,km/h,35.3,km/h,138,°,2026-03-25,iso8601
3d4e866d3bc5c188f49992bb3a26fed2,2026-03-25-20-06,10.7723,106.6272,2,wmo code,"Trời quang, có mây rải rác",33.6,°C,23.1,°C,36.9,°C,27.1,°C,2026-03-25T05:54,iso8601,2026-03-25T18:04,iso8601,9.3,0.0,mm,0,%,16.1,km/h,32.4,km/h,138,°,2026-03-25,iso8601
7d0ed010c6635b8310ee001039d8d447,2026-03-25-20-06,10.7965,106.6524,2,wmo code,"Trời quang, có mây rải rác",33.5,°C,23.0,°C,36.9,°C,27.1,°C,2026-03-25T05:54,iso8601,2026-03-25T18:04,iso8601,9.3,0.0,mm,0,%,16.1,km/h,32.4,km/h,138,°,2026-03-25,iso8601
c0463e7f9e4e9d97dac360cd1f8fb1cc,2026-03-25-20-06,10.8001,106.7344,2,wmo code,"Trời quang, có mây rải rác",33.9,°C,23.6,°C,37.4,°C,27.7,°C,2026-03-25T05:54,iso8601,2026-03-25T18:03,iso8601,9.25,0.0,mm,0,%,16.9,km/h,35.3,km/h,138,°,2026-03-25,iso8601
e254e5ddc7550b0040a2e8c4bcd412bd,2026-03-25-20-06,10.8398,106.7395,2,wmo code,"Trời quang, có mây rải rác",34.5,°C,23.3,°C,38.4,°C,27.3,°C,2026-03-25T05:54,iso8601,2026-03-25T18:03,iso8601,9.25,0.0,mm,0,%,16.9,km/h,33.5,km/h,142,°,2026-03-25,iso8601
6aa6fd37562921a2408c2a7be27f2fef,2026-03-25-20-06,10.7924,106.752,2,wmo code,"Trời quang, có mây rải rác",33.9,°C,23.6,°C,37.4,°C,27.7,°C,2026-03-25T05:54,iso8601,2026-03-25T18:03,iso8601,9.25,0.0,mm,0,%,16.9,km/h,35.3,km/h,138,°,2026-03-25,iso8601
56d965277710f2be9607a53c3c8ec30c,2026-03-25-20-06,10.7685,106.6513,2,wmo code,"Trời quang, có mây rải rác",33.6,°C,23.1,°C,36.9,°C,27.1,°C,2026-03-25T05:54,iso8601,2026-03-25T18:04,iso8601,9.3,0.0,mm,0,%,16.1,km/h,32.4,km/h,138,°,2026-03-25,iso8601
2fd306045966d886391940cedc74f7d4,2026-03-25-20-06,10.7639,106.6269,2,wmo code,"Trời quang, có mây rải rác",33.6,°C,23.1,°C,37.0,°C,27.1,°C,2026-03-25T05:54,iso8601,2026-03-25T18:04,iso8601,9.3,0.0,mm,0,%,16.1,km/h,32.4,km/h,138,°,2026-03-25,iso8601
e36dfdc71f03ab92e089d1ea6e7673de,2026-03-25-20-06,10.7575,106.6742,2,wmo code,"Trời quang, có mây rải rác",33.5,°C,23.0,°C,36.9,°C,27.1,°C,2026-03-25T05:54,iso8601,2026-03-25T18:04,iso8601,9.3,0.0,mm,0,%,16.1,km/h,32.4,km/h,138,°,2026-03-25,iso8601
cba453eaef49c45852cd4c04852540d0,2026-03-25-20-06,10.7557,106.7009,2,wmo code,"Trời quang, có mây rải rác",33.9,°C,23.6,°C,37.4,°C,27.7,°C,2026-03-25T05:54,iso8601,2026-03-25T18:03,iso8601,9.25,0.0,mm,0,%,16.9,km/h,35.3,km/h,138,°,2026-03-25,iso8601
aba4377b4889f81082fabd3c38f70d04,2026-03-25-20-06,10.8414,106.744,2,wmo code,"Trời quang, có mây rải rác",34.5,°C,23.3,°C,38.3,°C,27.3,°C,2026-03-25T05:54,iso8601,2026-03-25T18:03,iso8601,9.25,0.0,mm,0,%,16.9,km/h,33.5,km/h,142,°,2026-03-25,iso8601
6bcf7958157a9d3a991fc9aaa3836e34,2026-03-25-20-06,10.7673,106.6534,2,wmo code,"Trời quang, có mây rải rác",33.6,°C,23.1,°C,36.9,°C,27.1,°C,2026-03-25T05:54,iso8601,2026-03-25T18:04,iso8601,9.3,0.0,mm,0,%,16.1,km/h,32.4,km/h,138,°,2026-03-25,iso8601
2016fae29720e80048b5a8d7ea8a84a8,2026-03-25-20-06,10.7565,106.7024,2,wmo code,"Trời quang, có mây rải rác",33.8,°C,23.6,°C,37.4,°C,27.6,°C,2026-03-25T05:54,iso8601,2026-03-25T18:03,iso8601,9.25,0.0,mm,0,%,16.9,km/h,35.3,km/h,138,°,2026-03-25,iso8601
5d212d7c449189e142f8a351a928feed,2026-03-25-20-06,10.7533,106.6628,2,wmo code,"Trời quang, có mây rải rác",33.5,°C,23.0,°C,36.9,°C,27.1,°C,2026-03-25T05:54,iso8601,2026-03-25T18:04,iso8601,9.3,0.0,mm,0,%,16.1,km/h,32.4,km/h,138,°,2026-03-25,iso8601
81e23f422129017a89124e6745ee2365,2026-03-25-20-06,10.7508,106.6893,2,wmo code,"Trời quang, có mây rải rác",33.9,°C,23.6,°C,37.4,°C,27.7,°C,2026-03-25T05:54,iso8601,2026-03-25T18:03,iso8601,9.3,0.0,mm,0,%,16.9,km/h,35.3,km/h,138,°,2026-03-25,iso8601
3b962a8f8c06b00693a1e7a6ecd3f5c2,2026-03-25-20-06,10.8324,106.7672,2,wmo code,"Trời quang, có mây rải rác",34.5,°C,23.2,°C,38.3,°C,27.2,°C,2026-03-25T05:54,iso8601,2026-03-25T18:03,iso8601,9.25,0.0,mm,0,%,16.9,km/h,33.5,km/h,142,°,2026-03-25,iso8601
697fbe7ce076a6f88372cf8346195822,2026-03-25-20-06,10.7584,106.6937,2,wmo code,"Trời quang, có mây rải rác",33.9,°C,23.6,°C,37.4,°C,27.7,°C,2026-03-25T05:54,iso8601,2026-03-25T18:03,iso8601,9.3,0.0,mm,0,%,16.9,km/h,35.3,km/h,138,°,2026-03-25,iso8601
78e26005f58a4ac82941adf1b6c9ce0b,2026-03-25-20-06,10.7607,106.6728,2,wmo code,"Trời quang, có mây rải rác",33.5,°C,23.0,°C,36.9,°C,27.0,°C,2026-03-25T05:54,iso8601,2026-03-25T18:04,iso8601,9.3,0.0,mm,0,%,16.1,km/h,32.4,km/h,138,°,2026-03-25,iso8601
65dc4f1c9d3553a5d837d3c3a420c771,2026-03-25-20-06,10.8019,106.7439,2,wmo code,"Trời quang, có mây rải rác",33.9,°C,23.6,°C,37.4,°C,27.7,°C,2026-03-25T05:54,iso8601,2026-03-25T18:03,iso8601,9.25,0.0,mm,0,%,16.9,km/h,35.3,km/h,138,°,2026-03-25,iso8601
1b5b958c37a611a63e7132e95820b427,2026-03-25-20-06,10.7508,106.6545,2,wmo code,"Trời quang, có mây rải rác",33.6,°C,23.1,°C,36.9,°C,27.1,°C,2026-03-25T05:54,iso8601,2026-03-25T18:04,iso8601,9.3,0.0,mm,0,%,16.1,km/h,32.4,km/h,138,°,2026-03-25,iso8601
4ff7a3a8dcbb885862c2122ed587bb29,2026-03-25-20-06,10.6812,106.5955,2,wmo code,"Trời quang, có mây rải rác",33.1,°C,23.2,°C,36.5,°C,27.3,°C,2026-03-25T05:54,iso8601,2026-03-25T18:04,iso8601,9.3,0.0,mm,0,%,16.3,km/h,32.4,km/h,134,°,2026-03-25,iso8601
f0b893d556fe9601f4799f4ef12eeefe,2026-03-25-20-06,10.8499,106.7748,2,wmo code,"Trời quang, có mây rải rác",34.3,°C,23.1,°C,38.1,°C,27.0,°C,2026-03-25T05:54,iso8601,2026-03-25T18:03,iso8601,9.25,0.0,mm,0,%,16.9,km/h,33.5,km/h,142,°,2026-03-25,iso8601
a74bb3e390dc39da5adac4d4e9e96947,2026-03-25-20-06,10.8033,106.679,2,wmo code,"Trời quang, có mây rải rác",33.5,°C,23.0,°C,36.9,°C,27.1,°C,2026-03-25T05:54,iso8601,2026-03-25T18:04,iso8601,9.3,0.0,mm,0,%,16.1,km/h,32.4,km/h,138,°,2026-03-25,iso8601
f3bad4165c5bafb5cf3faa190886fe6d,2026-03-25-20-06,10.8074,106.6404,2,wmo code,"Trời quang, có mây rải rác",33.5,°C,23.0,°C,36.9,°C,27.1,°C,2026-03-25T05:54,iso8601,2026-03-25T18:04,iso8601,9.3,0.0,mm,0,%,16.1,km/h,32.4,km/h,138,°,2026-03-25,iso8601
59a09b8bcaecdc05468d4c15f26974e7,2026-03-25-20-06,10.788,106.6711,2,wmo code,"Trời quang, có mây rải rác",33.6,°C,23.1,°C,36.9,°C,27.1,°C,2026-03-25T05:54,iso8601,2026-03-25T18:04,iso8601,9.3,0.0,mm,0,%,16.1,km/h,32.4,km/h,138,°,2026-03-25,iso8601
e5e232dd1ecdfa053e24715dba274d25,2026-03-25-20-06,10.7825,106.6836,2,wmo code,"Trời quang, có mây rải rác",33.5,°C,23.0,°C,36.9,°C,27.1,°C,2026-03-25T05:54,iso8601,2026-03-25T18:04,iso8601,9.3,0.0,mm,0,%,16.1,km/h,32.4,km/h,138,°,2026-03-25,iso8601
8fff1a81cd95ffd00db5b2feff676f99,2026-03-25-20-06,10.7484,106.6691,2,wmo code,"Trời quang, có mây rải rác",33.6,°C,23.1,°C,37.0,°C,27.2,°C,2026-03-25T05:54,iso8601,2026-03-25T18:04,iso8601,9.3,0.0,mm,0,%,16.1,km/h,32.4,km/h,138,°,2026-03-25,iso8601
6237c4a356ad9dae779897d9c87f4f64,2026-03-25-20-06,10.795,106.7995,2,wmo code,"Trời quang, có mây rải rác",33.9,°C,23.6,°C,37.4,°C,27.7,°C,2026-03-25T05:54,iso8601,2026-03-25T18:03,iso8601,9.25,0.0,mm,0,%,16.9,km/h,35.3,km/h,138,°,2026-03-25,iso8601
41723ba1c376e35d2c57eeffc1efaf49,2026-03-25-20-06,10.7827,106.6725,2,wmo code,"Trời quang, có mây rải rác",33.5,°C,23.0,°C,36.9,°C,27.1,°C,2026-03-25T05:54,iso8601,2026-03-25T18:04,iso8601,9.3,0.0,mm,0,%,16.1,km/h,32.4,km/h,138,°,2026-03-25,iso8601
581978fde927942f48e954f99363850b,2026-03-25-20-06,10.7325,106.7,2,wmo code,"Trời quang, có mây rải rác",33.9,°C,23.6,°C,37.4,°C,27.7,°C,2026-03-25T05:54,iso8601,2026-03-25T18:03,iso8601,9.25,0.0,mm,0,%,16.9,km/h,35.3,km/h,138,°,2026-03-25,iso8601
dedb61cfd8c8dc9dc40e7adc2a886acd,2026-03-25-20-06,10.7469,106.7485,2,wmo code,"Trời quang, có mây rải rác",33.9,°C,23.6,°C,37.4,°C,27.7,°C,2026-03-25T05:54,iso8601,2026-03-25T18:03,iso8601,9.25,0.0,mm,0,%,16.9,km/h,35.3,km/h,138,°,2026-03-25,iso8601
f8be83903596d3581c3ed2722b904f55,2026-03-25-20-06,10.816,106.7573,2,wmo code,"Trời quang, có mây rải rác",34.5,°C,23.3,°C,38.3,°C,27.3,°C,2026-03-25T05:54,iso8601,2026-03-25T18:03,iso8601,9.25,0.0,mm,0,%,16.9,km/h,33.5,km/h,142,°,2026-03-25,iso8601
d1d0298f9bbffc8d2c987d94ff5eddcd,2026-03-25-20-06,10.7943,106.6839,2,wmo code,"Trời quang, có mây rải rác",33.6,°C,23.1,°C,36.9,°C,27.1,°C,2026-03-25T05:54,iso8601,2026-03-25T18:04,iso8601,9.3,0.0,mm,0,%,16.1,km/h,32.4,km/h,138,°,2026-03-25,iso8601
bce0bcd0b07c77f83c3c0a0a490945dd,2026-03-25-20-06,10.7823,106.6864,2,wmo code,"Trời quang, có mây rải rác",33.6,°C,23.1,°C,36.9,°C,27.1,°C,2026-03-25T05:54,iso8601,2026-03-25T18:04,iso8601,9.3,0.0,mm,0,%,16.1,km/h,32.4,km/h,138,°,2026-03-25,iso8601
0c807e769efb4db2eee959f1506594be,2026-03-25-20-06,10.7698,106.6662,2,wmo code,"Trời quang, có mây rải rác",33.5,°C,23.0,°C,36.9,°C,27.1,°C,2026-03-25T05:54,iso8601,2026-03-25T18:04,iso8601,9.3,0.0,mm,0,%,16.1,km/h,32.4,km/h,138,°,2026-03-25,iso8601
52cc6bcdac41f864a20b084fc36f9db3,2026-03-25-20-06,10.7712,106.693,2,wmo code,"Trời quang, có mây rải rác",33.8,°C,23.6,°C,37.3,°C,27.6,°C,2026-03-25T05:54,iso8601,2026-03-25T18:03,iso8601,9.3,0.0,mm,0,%,16.9,km/h,35.3,km/h,138,°,2026-03-25,iso8601
ce594929665cfa4da77b08cbace9a6ae,2026-03-25-20-06,10.7827,106.6495,2,wmo code,"Trời quang, có mây rải rác",33.5,°C,23.0,°C,36.9,°C,27.1,°C,2026-03-25T05:54,iso8601,2026-03-25T18:04,iso8601,9.3,0.0,mm,0,%,16.1,km/h,32.4,km/h,138,°,2026-03-25,iso8601
f38b112f44d0cd8e293122b52eb6c5dd,2026-03-25-20-06,10.7932,106.6536,2,wmo code,"Trời quang, có mây rải rác",33.6,°C,23.1,°C,36.9,°C,27.1,°C,2026-03-25T05:54,iso8601,2026-03-25T18:04,iso8601,9.3,0.0,mm,0,%,16.1,km/h,32.4,km/h,138,°,2026-03-25,iso8601
ee81d12c0a53c287abf98910a3b03b57,2026-03-25-20-06,10.744,106.6888,2,wmo code,"Trời quang, có mây rải rác",33.9,°C,23.6,°C,37.4,°C,27.7,°C,2026-03-25T05:54,iso8601,2026-03-25T18:03,iso8601,9.3,0.0,mm,0,%,16.9,km/h,35.3,km/h,138,°,2026-03-25,iso8601
e62c4fd68cff6b858de508e76941e900,2026-03-25-20-06,10.7449,106.7442,2,wmo code,"Trời quang, có mây rải rác",33.9,°C,23.7,°C,37.5,°C,27.7,°C,2026-03-25T05:54,iso8601,2026-03-25T18:03,iso8601,9.25,0.0,mm,0,%,16.9,km/h,35.3,km/h,138,°,2026-03-25,iso8601
859cc58eabb3db34a6b9b682885efa1e,2026-03-25-20-06,10.8683,106.7061,2,wmo code,"Trời quang, có mây rải rác",34.5,°C,23.3,°C,38.3,°C,27.3,°C,2026-03-25T05:54,iso8601,2026-03-25T18:03,iso8601,9.25,0.0,mm,0,%,16.9,km/h,33.5,km/h,142,°,2026-03-25,iso8601
e70acbe9f7d46f0d61297b911d0ecb2c,2026-03-25-20-06,10.7834,106.7418,2,wmo code,"Trời quang, có mây rải rác",33.9,°C,23.6,°C,37.4,°C,27.7,°C,2026-03-25T05:54,iso8601,2026-03-25T18:03,iso8601,9.25,0.0,mm,0,%,16.9,km/h,35.3,km/h,138,°,2026-03-25,iso8601
8f74804e41a4d09c93121dec7f75639b,2026-03-25-20-06,10.7713,106.6737,2,wmo code,"Trời quang, có mây rải rác",33.5,°C,23.0,°C,36.9,°C,27.1,°C,2026-03-25T05:54,iso8601,2026-03-25T18:04,iso8601,9.3,0.0,mm,0,%,16.1,km/h,32.4,km/h,138,°,2026-03-25,iso8601
3c45cb822d65c8e4e3364f4e7b3ae167,2026-03-25-20-06,10.7761,106.6588,2,wmo code,"Trời quang, có mây rải rác",33.5,°C,23.0,°C,36.9,°C,27.1,°C,2026-03-25T05:54,iso8601,2026-03-25T18:04,iso8601,9.3,0.0,mm,0,%,16.1,km/h,32.4,km/h,138,°,2026-03-25,iso8601
778e46bf773be645c451e30b2f183933,2026-03-25-20-06,10.7653,106.6752,2,wmo code,"Trời quang, có mây rải rác",33.5,°C,23.0,°C,36.9,°C,27.1,°C,2026-03-25T05:54,iso8601,2026-03-25T18:04,iso8601,9.3,0.0,mm,0,%,16.1,km/h,32.4,km/h,138,°,2026-03-25,iso8601
95a40015cfa8df8f369c121ae448eb3f,2026-03-25-20-06,10.7279,106.7123,2,wmo code,"Trời quang, có mây rải rác",33.9,°C,23.6,°C,37.4,°C,27.7,°C,2026-03-25T05:54,iso8601,2026-03-25T18:03,iso8601,9.25,0.0,mm,0,%,16.9,km/h,35.3,km/h,138,°,2026-03-25,iso8601
55cac50e20675ba4ab7f42d24408e5fb,2026-03-25-20-06,10.8347,106.714,2,wmo code,"Trời quang, có mây rải rác",34.5,°C,23.3,°C,38.3,°C,27.3,°C,2026-03-25T05:54,iso8601,2026-03-25T18:03,iso8601,9.25,0.0,mm,0,%,16.9,km/h,33.5,km/h,142,°,2026-03-25,iso8601
5875f55758d573b92074ba276d706719,2026-03-25-20-06,10.8581,106.6885,2,wmo code,"Trời quang, có mây rải rác",34.5,°C,23.3,°C,38.3,°C,27.2,°C,2026-03-25T05:54,iso8601,2026-03-25T18:03,iso8601,9.3,0.0,mm,0,%,16.9,km/h,33.5,km/h,142,°,2026-03-25,iso8601
a73b5a0ee699dad4a7c0d16339012da2,2026-03-25-20-06,10.8154,106.6636,2,wmo code,"Trời quang, có mây rải rác",34.4,°C,23.1,°C,38.1,°C,27.0,°C,2026-03-25T05:54,iso8601,2026-03-25T18:04,iso8601,9.3,0.0,mm,0,%,16.9,km/h,33.5,km/h,142,°,2026-03-25,iso8601
a58e07d18315aac3e74d827d93e44442,2026-03-25-20-06,10.7948,106.7523,2,wmo code,"Trời quang, có mây rải rác",33.9,°C,23.6,°C,37.4,°C,27.7,°C,2026-03-25T05:54,iso8601,2026-03-25T18:03,iso8601,9.25,0.0,mm,0,%,16.9,km/h,35.3,km/h,138,°,2026-03-25,iso8601
37d7d0d6860cb8b4913237e08732d983,2026-03-25-20-06,10.7455,106.6235,2,wmo code,"Trời quang, có mây rải rác",33.6,°C,23.1,°C,36.9,°C,27.1,°C,2026-03-25T05:54,iso8601,2026-03-25T18:04,iso8601,9.3,0.0,mm,0,%,16.1,km/h,32.4,km/h,138,°,2026-03-25,iso8601
b27f4ea2c0973e77fb34bb8981236aee,2026-03-25-20-06,10.8654,106.7239,2,wmo code,"Trời quang, có mây rải rác",34.5,°C,23.3,°C,38.3,°C,27.3,°C,2026-03-25T05:54,iso8601,2026-03-25T18:03,iso8601,9.25,0.0,mm,0,%,16.9,km/h,33.5,km/h,142,°,2026-03-25,iso8601
bb3933dee270e2276ba40eb7efc5f3fb,2026-03-25-20-06,10.7809,106.6978,2,wmo code,"Trời quang, có mây rải rác",33.8,°C,23.6,°C,37.3,°C,27.6,°C,2026-03-25T05:54,iso8601,2026-03-25T18:03,iso8601,9.3,0.0,mm,0,%,16.9,km/h,35.3,km/h,138,°,2026-03-25,iso8601
1568b2d755aa981f391099308486ad94,2026-03-25-20-06,10.7829,106.6602,2,wmo code,"Trời quang, có mây rải rác",33.5,°C,23.0,°C,36.9,°C,27.1,°C,2026-03-25T05:54,iso8601,2026-03-25T18:04,iso8601,9.3,0.0,mm,0,%,16.1,km/h,32.4,km/h,138,°,2026-03-25,iso8601
eba4e712a07e83689f520ce10d29a9e5,2026-03-25-20-06,10.7652,106.6971,2,wmo code,"Trời quang, có mây rải rác",33.8,°C,23.6,°C,37.4,°C,27.6,°C,2026-03-25T05:54,iso8601,2026-03-25T18:03,iso8601,9.3,0.0,mm,0,%,16.9,km/h,35.3,km/h,138,°,2026-03-25,iso8601
f3bd3e0952b04e44f2390f3158e257d0,2026-03-25-20-06,10.8001,106.6654,2,wmo code,"Trời quang, có mây rải rác",33.6,°C,23.1,°C,36.9,°C,27.1,°C,2026-03-25T05:54,iso8601,2026-03-25T18:04,iso8601,9.3,0.0,mm,0,%,16.1,km/h,32.4,km/h,138,°,2026-03-25,iso8601
bd0bdfc59239b2c228e0d185d9029e5d,2026-03-25-20-06,10.7086,106.8191,2,wmo code,"Trời quang, có mây rải rác",34.3,°C,23.7,°C,38.1,°C,27.8,°C,2026-03-25T05:53,iso8601,2026-03-25T18:03,iso8601,9.25,0.0,mm,0,%,17.3,km/h,36.0,km/h,138,°,2026-03-25,iso8601
b045ce8b1239f0484ea7f11485b073c8,2026-03-25-20-06,10.8496,106.7535,2,wmo code,"Trời quang, có mây rải rác",34.5,°C,23.2,°C,38.3,°C,27.2,°C,2026-03-25T05:54,iso8601,2026-03-25T18:03,iso8601,9.25,0.0,mm,0,%,16.9,km/h,33.5,km/h,142,°,2026-03-25,iso8601
8ccdc41e826b62aee68d239a63d9f13d,2026-03-25-20-06,10.7988,106.6196,2,wmo code,"Trời quang, có mây rải rác",33.6,°C,23.1,°C,36.9,°C,27.1,°C,2026-03-25T05:54,iso8601,2026-03-25T18:04,iso8601,9.3,0.0,mm,0,%,16.1,km/h,32.4,km/h,138,°,2026-03-25,iso8601
833b30cba7e5b5e95f0b5ade0cd9985d,2026-03-25-20-06,10.8233,106.7054,2,wmo code,"Trời quang, có mây rải rác",34.5,°C,23.3,°C,38.3,°C,27.3,°C,2026-03-25T05:54,iso8601,2026-03-25T18:03,iso8601,9.25,0.0,mm,0,%,16.9,km/h,33.5,km/h,142,°,2026-03-25,iso8601
53924faefb7652b3bdaf1cc16ed31414,2026-03-25-20-06,10.7667,106.6674,2,wmo code,"Trời quang, có mây rải rác",33.5,°C,23.0,°C,36.9,°C,27.1,°C,2026-03-25T05:54,iso8601,2026-03-25T18:04,iso8601,9.3,0.0,mm,0,%,16.1,km/h,32.4,km/h,138,°,2026-03-25,iso8601
491e02e3f3e1182208ca7614ab5e7887,2026-03-25-20-06,10.8428,106.615,2,wmo code,"Trời quang, có mây rải rác",34.4,°C,23.1,°C,38.2,°C,27.1,°C,2026-03-25T05:54,iso8601,2026-03-25T18:04,iso8601,9.3,0.0,mm,0,%,16.9,km/h,33.5,km/h,142,°,2026-03-25,iso8601
cc9a084f846574e6c335dc91da33e6e8,2026-03-25-20-06,10.7951,106.6727,2,wmo code,"Trời quang, có mây rải rác",33.5,°C,23.0,°C,36.9,°C,27.1,°C,2026-03-25T05:54,iso8601,2026-03-25T18:04,iso8601,9.3,0.0,mm,0,%,16.1,km/h,32.4,km/h,138,°,2026-03-25,iso8601
cb3ca5162f6044dfe35dae776e26addb,2026-03-25-20-06,10.8707,106.6769,2,wmo code,"Trời quang, có mây rải rác",34.4,°C,23.2,°C,38.2,°C,27.1,°C,2026-03-25T05:54,iso8601,2026-03-25T18:04,iso8601,9.3,0.0,mm,0,%,16.9,km/h,33.5,km/h,142,°,2026-03-25,iso8601
cbfe1ea941e24a51f694bcf52f0dd868,2026-03-25-20-06,10.7291,106.7123,2,wmo code,"Trời quang, có mây rải rác",33.9,°C,23.6,°C,37.4,°C,27.7,°C,2026-03-25T05:54,iso8601,2026-03-25T18:03,iso8601,9.25,0.0,mm,0,%,16.9,km/h,35.3,km/h,138,°,2026-03-25,iso8601
d6b4558d6ca9da6200cea9f228821936,2026-03-25-20-06,10.8254,106.6006,2,wmo code,"Trời quang, có mây rải rác",34.4,°C,23.2,°C,38.2,°C,27.1,°C,2026-03-25T05:54,iso8601,2026-03-25T18:04,iso8601,9.3,0.0,mm,0,%,16.9,km/h,33.5,km/h,142,°,2026-03-25,iso8601
b6fb62baf6936c2ab4c2ff0a26544458,2026-03-25-20-06,10.7712,106.6992,2,wmo code,"Trời quang, có mây rải rác",33.9,°C,23.6,°C,37.4,°C,27.7,°C,2026-03-25T05:54,iso8601,2026-03-25T18:03,iso8601,9.25,0.0,mm,0,%,16.9,km/h,35.3,km/h,138,°,2026-03-25,iso8601
ca1cb78203ebb2fc2b3988f17a4e58f2,2026-03-25-20-06,10.8724,106.7674,2,wmo code,"Trời quang, có mây rải rác",34.4,°C,23.1,°C,38.1,°C,27.0,°C,2026-03-25T05:54,iso8601,2026-03-25T18:03,iso8601,9.25,0.0,mm,0,%,16.9,km/h,33.5,km/h,142,°,2026-03-25,iso8601
c35879175da769f5bcd97e8c2f9edcbd,2026-03-25-20-06,10.7998,106.68,2,wmo code,"Trời quang, có mây rải rác",33.5,°C,23.0,°C,36.9,°C,27.1,°C,2026-03-25T05:54,iso8601,2026-03-25T18:04,iso8601,9.3,0.0,mm,0,%,16.1,km/h,32.4,km/h,138,°,2026-03-25,iso8601
23e19b9b24c80c1d54994897c9cb32ba,2026-03-25-20-06,10.8755,106.8052,2,wmo code,"Trời quang, có mây rải rác",34.4,°C,23.1,°C,38.1,°C,27.0,°C,2026-03-25T05:54,iso8601,2026-03-25T18:03,iso8601,9.25,0.0,mm,0,%,16.9,km/h,33.5,km/h,142,°,2026-03-25,iso8601
6be66491f570c0e12dc9a63eb2d8f0a2,2026-03-25-20-06,10.7543,106.6343,2,wmo code,"Trời quang, có mây rải rác",33.6,°C,23.1,°C,36.9,°C,27.1,°C,2026-03-25T05:54,iso8601,2026-03-25T18:04,iso8601,9.3,0.0,mm,0,%,16.1,km/h,32.4,km/h,138,°,2026-03-25,iso8601
3a76c7fe821ece69b8833a45c6a0a111,2026-03-25-20-06,10.7925,106.7072,2,wmo code,"Trời quang, có mây rải rác",33.8,°C,23.6,°C,37.4,°C,27.6,°C,2026-03-25T05:54,iso8601,2026-03-25T18:03,iso8601,9.25,0.0,mm,0,%,16.9,km/h,35.3,km/h,138,°,2026-03-25,iso8601
4f567f2a96a55fa7d1f6b97970a6caab,2026-03-25-20-06,10.7834,106.5989,2,wmo code,"Trời quang, có mây rải rác",33.6,°C,23.1,°C,36.9,°C,27.1,°C,2026-03-25T05:54,iso8601,2026-03-25T18:04,iso8601,9.3,0.0,mm,0,%,16.1,km/h,32.4,km/h,138,°,2026-03-25,iso8601
f59492720cc4552001643fc05a7e5c6f,2026-03-25-20-06,10.8576,106.7519,2,wmo code,"Trời quang, có mây rải rác",34.5,°C,23.2,°C,38.2,°C,27.2,°C,2026-03-25T05:54,iso8601,2026-03-25T18:03,iso8601,9.25,0.0,mm,0,%,16.9,km/h,33.5,km/h,142,°,2026-03-25,iso8601
fe84f77da96da5828f4d4bc487679148,2026-03-25-20-06,10.7682,106.6678,2,wmo code,"Trời quang, có mây rải rác",33.6,°C,23.1,°C,36.9,°C,27.1,°C,2026-03-25T05:54,iso8601,2026-03-25T18:04,iso8601,9.3,0.0,mm,0,%,16.1,km/h,32.4,km/h,138,°,2026-03-25,iso8601
564f596f23a465368cd92f0aae0f3bf2,2026-03-25-20-06,10.7766,106.6839,2,wmo code,"Trời quang, có mây rải rác",33.6,°C,23.1,°C,36.9,°C,27.1,°C,2026-03-25T05:54,iso8601,2026-03-25T18:04,iso8601,9.3,0.0,mm,0,%,16.1,km/h,32.4,km/h,138,°,2026-03-25,iso8601
0384577a43ab596fb19d35c107510bc7,2026-03-25-20-06,10.7908,106.6642,2,wmo code,"Trời quang, có mây rải rác",33.6,°C,23.1,°C,36.9,°C,27.1,°C,2026-03-25T05:54,iso8601,2026-03-25T18:04,iso8601,9.3,0.0,mm,0,%,16.1,km/h,32.4,km/h,138,°,2026-03-25,iso8601
a37ff905c949d234313f2d4a4630f960,2026-03-25-20-06,10.8512,106.755,2,wmo code,"Trời quang, có mây rải rác",34.5,°C,23.2,°C,38.3,°C,27.2,°C,2026-03-25T05:54,iso8601,2026-03-25T18:03,iso8601,9.25,0.0,mm,0,%,16.9,km/h,33.5,km/h,142,°,2026-03-25,iso8601
a7e8464abc9a8b7fa8ccfdb1d8c3e6bd,2026-03-25-20-06,10.7669,106.677,2,wmo code,"Trời quang, có mây rải rác",33.6,°C,23.1,°C,36.9,°C,27.1,°C,2026-03-25T05:54,iso8601,2026-03-25T18:04,iso8601,9.3,0.0,mm,0,%,16.1,km/h,32.4,km/h,138,°,2026-03-25,iso8601
57ea3c7bfa4eaa6b92261fdedaec2005,2026-03-25-20-06,10.731,106.7203,2,wmo code,"Trời quang, có mây rải rác",33.9,°C,23.6,°C,37.4,°C,27.7,°C,2026-03-25T05:54,iso8601,2026-03-25T18:03,iso8601,9.25,0.0,mm,0,%,16.9,km/h,35.3,km/h,138,°,2026-03-25,iso8601
08e4e553fc72136a576a8e051427df26,2026-03-25-20-06,10.8082,106.6785,2,wmo code,"Trời quang, có mây rải rác",33.5,°C,23.0,°C,36.9,°C,27.0,°C,2026-03-25T05:54,iso8601,2026-03-25T18:04,iso8601,9.3,0.0,mm,0,%,16.1,km/h,32.4,km/h,138,°,2026-03-25,iso8601
7e245d5e58ac1a12a41f9d890b876045,2026-03-25-20-06,10.8771,106.732,2,wmo code,"Trời quang, có mây rải rác",34.5,°C,23.2,°C,38.3,°C,27.2,°C,2026-03-25T05:54,iso8601,2026-03-25T18:03,iso8601,9.25,0.0,mm,0,%,16.9,km/h,33.5,km/h,142,°,2026-03-25,iso8601
22ad63cc1fad145a51f5915af4b63bc3,2026-03-25-20-06,10.7519,106.6544,2,wmo code,"Trời quang, có mây rải rác",33.6,°C,23.1,°C,36.9,°C,27.1,°C,2026-03-25T05:54,iso8601,2026-03-25T18:04,iso8601,9.3,0.0,mm,0,%,16.1,km/h,32.4,km/h,138,°,2026-03-25,iso8601
4c9a41946bb244d0a1f0b542558b7816,2026-03-25-20-06,10.7967,106.7886,2,wmo code,"Trời quang, có mây rải rác",33.9,°C,23.6,°C,37.4,°C,27.7,°C,2026-03-25T05:54,iso8601,2026-03-25T18:03,iso8601,9.25,0.0,mm,0,%,16.9,km/h,35.3,km/h,138,°,2026-03-25,iso8601
180dbd53a684859dd4139d4ad848c464,2026-03-25-20-06,10.8522,106.6265,2,wmo code,"Trời quang, có mây rải rác",34.4,°C,23.1,°C,38.1,°C,27.1,°C,2026-03-25T05:54,iso8601,2026-03-25T18:04,iso8601,9.3,0.0,mm,0,%,16.9,km/h,33.5,km/h,142,°,2026-03-25,iso8601
3283a06ce034f65eda092dffccc06d7b,2026-03-25-20-06,10.7712,106.6966,2,wmo code,"Trời quang, có mây rải rác",33.8,°C,23.6,°C,37.3,°C,27.6,°C,2026-03-25T05:54,iso8601,2026-03-25T18:03,iso8601,9.3,0.0,mm,0,%,16.9,km/h,35.3,km/h,138,°,2026-03-25,iso8601
aed05b4a8b12657ed5b95a0b9cc53203,2026-03-25-20-06,10.8235,106.7061,2,wmo code,"Trời quang, có mây rải rác",34.5,°C,23.3,°C,38.3,°C,27.3,°C,2026-03-25T05:54,iso8601,2026-03-25T18:03,iso8601,9.25,0.0,mm,0,%,16.9,km/h,33.5,km/h,142,°,2026-03-25,iso8601
03623143fab66f59fb8fe2674244cb4e,2026-03-25-20-06,10.8154,106.6815,2,wmo code,"Trời quang, có mây rải rác",34.4,°C,23.1,°C,38.1,°C,27.0,°C,2026-03-25T05:54,iso8601,2026-03-25T18:04,iso8601,9.3,0.0,mm,0,%,16.9,km/h,33.5,km/h,142,°,2026-03-25,iso8601
5d8686b2d447843e68030c5cda6fa2e2,2026-03-25-20-06,10.7758,106.6566,2,wmo code,"Trời quang, có mây rải rác",33.6,°C,23.1,°C,36.9,°C,27.1,°C,2026-03-25T05:54,iso8601,2026-03-25T18:04,iso8601,9.3,0.0,mm,0,%,16.1,km/h,32.4,km/h,138,°,2026-03-25,iso8601
713803d72db3be4d1ed05f4689594598,2026-03-25-20-06,10.8754,106.7588,2,wmo code,"Trời quang, có mây rải rác",34.3,°C,23.1,°C,38.0,°C,26.9,°C,2026-03-25T05:54,iso8601,2026-03-25T18:03,iso8601,9.25,0.0,mm,0,%,16.9,km/h,33.5,km/h,142,°,2026-03-25,iso8601
899a284c09ee8dbccf54ce3e20b0336c,2026-03-25-20-06,10.7795,106.6786,2,wmo code,"Trời quang, có mây rải rác",33.6,°C,23.1,°C,36.9,°C,27.1,°C,2026-03-25T05:54,iso8601,2026-03-25T18:04,iso8601,9.3,0.0,mm,0,%,16.1,km/h,32.4,km/h,138,°,2026-03-25,iso8601
18cf5f906888a7c366c0f04492e72184,2026-03-25-20-06,10.7696,106.6353,2,wmo code,"Trời quang, có mây rải rác",33.6,°C,23.1,°C,36.9,°C,27.1,°C,2026-03-25T05:54,iso8601,2026-03-25T18:04,iso8601,9.3,0.0,mm,0,%,16.1,km/h,32.4,km/h,138,°,2026-03-25,iso8601
c8fcbffac85a53be69921d344e0b43c9,2026-03-25-20-06,10.7565,106.6665,2,wmo code,"Trời quang, có mây rải rác",33.5,°C,23.0,°C,36.9,°C,27.1,°C,2026-03-25T05:54,iso8601,2026-03-25T18:04,iso8601,9.3,0.0,mm,0,%,16.1,km/h,32.4,km/h,138,°,2026-03-25,iso8601
a2a384a5d9ebe91eaeef7cef06f8e9fe,2026-03-25-20-06,10.7618,106.6421,2,wmo code,"Trời quang, có mây rải rác",33.6,°C,23.1,°C,36.9,°C,27.1,°C,2026-03-25T05:54,iso8601,2026-03-25T18:04,iso8601,9.3,0.0,mm,0,%,16.1,km/h,32.4,km/h,138,°,2026-03-25,iso8601
be772df75b516422226b7cfb56573d1d,2026-03-25-20-06,10.7593,106.6656,2,wmo code,"Trời quang, có mây rải rác",33.5,°C,23.0,°C,36.9,°C,27.1,°C,2026-03-25T05:54,iso8601,2026-03-25T18:04,iso8601,9.3,0.0,mm,0,%,16.1,km/h,32.4,km/h,138,°,2026-03-25,iso8601
1a18ebf92c26b4fa90079e937e3a53c2,2026-03-25-20-06,10.7589,106.6691,2,wmo code,"Trời quang, có mây rải rác",33.5,°C,23.0,°C,36.9,°C,27.1,°C,2026-03-25T05:54,iso8601,2026-03-25T18:04,iso8601,9.3,0.0,mm,0,%,16.1,km/h,32.4,km/h,138,°,2026-03-25,iso8601
25257d8d791a2837985f008f621b90cc,2026-03-25-20-06,10.8261,106.6266,2,wmo code,"Trời quang, có mây rải rác",34.4,°C,23.2,°C,38.2,°C,27.1,°C,2026-03-25T05:54,iso8601,2026-03-25T18:04,iso8601,9.3,0.0,mm,0,%,16.9,km/h,33.5,km/h,142,°,2026-03-25,iso8601
5c004ea2ebb15c29edb255aed69fafd1,2026-03-25-20-06,10.8402,106.7418,2,wmo code,"Trời quang, có mây rải rác",34.5,°C,23.3,°C,38.3,°C,27.3,°C,2026-03-25T05:54,iso8601,2026-03-25T18:03,iso8601,9.25,0.0,mm,0,%,16.9,km/h,33.5,km/h,142,°,2026-03-25,iso8601
7e414735915eb505134c1ae99ee1f5f8,2026-03-25-20-06,10.7916,106.6617,2,wmo code,"Trời quang, có mây rải rác",33.6,°C,23.1,°C,36.9,°C,27.1,°C,2026-03-25T05:54,iso8601,2026-03-25T18:04,iso8601,9.3,0.0,mm,0,%,16.1,km/h,32.4,km/h,138,°,2026-03-25,iso8601
7b2ea44f62ca9783ecbc993769dab1b2,2026-03-25-20-06,10.8055,106.7528,2,wmo code,"Trời quang, có mây rải rác",33.9,°C,23.6,°C,37.4,°C,27.7,°C,2026-03-25T05:54,iso8601,2026-03-25T18:03,iso8601,9.25,0.0,mm,0,%,16.9,km/h,35.3,km/h,138,°,2026-03-25,iso8601
e79105746e9eb70d7876bb37723ea3a4,2026-03-25-20-06,10.7804,106.6919,2,wmo code,"Trời quang, có mây rải rác",33.8,°C,23.6,°C,37.4,°C,27.6,°C,2026-03-25T05:54,iso8601,2026-03-25T18:03,iso8601,9.3,0.0,mm,0,%,16.9,km/h,35.3,km/h,138,°,2026-03-25,iso8601
8c39031fcfb5e60e3c246f21fe38154a,2026-03-25-20-06,10.7931,106.6974,2,wmo code,"Trời quang, có mây rải rác",33.9,°C,23.6,°C,37.4,°C,27.7,°C,2026-03-25T05:54,iso8601,2026-03-25T18:03,iso8601,9.3,0.0,mm,0,%,16.9,km/h,35.3,km/h,138,°,2026-03-25,iso8601
ab4140bae34e4fa081cbfa58de1e6e37,2026-03-25-20-06,10.6818,106.5407,2,wmo code,"Trời quang, có mây rải rác",33.0,°C,23.0,°C,36.4,°C,27.1,°C,2026-03-25T05:55,iso8601,2026-03-25T18:04,iso8601,9.3,0.0,mm,0,%,14.3,km/h,30.2,km/h,132,°,2026-03-25,iso8601
47c36795ba3c72876b1dcb3c4af4330f,2026-03-25-20-06,10.8707,106.6364,2,wmo code,"Trời quang, có mây rải rác",34.4,°C,23.1,°C,38.1,°C,27.1,°C,2026-03-25T05:54,iso8601,2026-03-25T18:04,iso8601,9.3,0.0,mm,0,%,16.9,km/h,33.5,km/h,142,°,2026-03-25,iso8601
acbcadfb2e398c7d0d1e13ac3f5b4b63,2026-03-25-20-06,10.7453,106.6231,2,wmo code,"Trời quang, có mây rải rác",33.6,°C,23.1,°C,37.0,°C,27.1,°C,2026-03-25T05:54,iso8601,2026-03-25T18:04,iso8601,9.3,0.0,mm,0,%,16.1,km/h,32.4,km/h,138,°,2026-03-25,iso8601
6237c4a356ad9dae779897d9c87f4f64,2026-03-25-20-06,10.794,106.8052,2,wmo code,"Trời quang, có mây rải rác",33.9,°C,23.6,°C,37.4,°C,27.7,°C,2026-03-25T05:54,iso8601,2026-03-25T18:03,iso8601,9.25,0.0,mm,0,%,16.9,km/h,35.3,km/h,138,°,2026-03-25,iso8601
c79e211f70eccbf9c5834a86b875367e,2026-03-25-20-06,10.8547,106.7063,2,wmo code,"Trời quang, có mây rải rác",34.5,°C,23.3,°C,38.3,°C,27.3,°C,2026-03-25T05:54,iso8601,2026-03-25T18:03,iso8601,9.25,0.0,mm,0,%,16.9,km/h,33.5,km/h,142,°,2026-03-25,iso8601
18473a097b08708c365e5b3514d74640,2026-03-25-20-06,10.7883,106.7503,2,wmo code,"Trời quang, có mây rải rác",33.9,°C,23.6,°C,37.4,°C,27.7,°C,2026-03-25T05:54,iso8601,2026-03-25T18:03,iso8601,9.25,0.0,mm,0,%,16.9,km/h,35.3,km/h,138,°,2026-03-25,iso8601
1ba26124e3c27b62dbde76e520784686,2026-03-25-20-06,10.789,106.7168,2,wmo code,"Trời quang, có mây rải rác",33.9,°C,23.6,°C,37.4,°C,27.7,°C,2026-03-25T05:54,iso8601,2026-03-25T18:03,iso8601,9.25,0.0,mm,0,%,16.9,km/h,35.3,km/h,138,°,2026-03-25,iso8601
bde5e3eeb8c0ebdd1c755c6e91bec505,2026-03-25-20-06,10.8074,106.6217,2,wmo code,"Trời quang, có mây rải rác",33.6,°C,23.1,°C,36.9,°C,27.1,°C,2026-03-25T05:54,iso8601,2026-03-25T18:04,iso8601,9.3,0.0,mm,0,%,16.1,km/h,32.4,km/h,138,°,2026-03-25,iso8601
31ff27ee9f18e0a23f605cd79eb16bb3,2026-03-25-20-06,10.7584,106.6615,2,wmo code,"Trời quang, có mây rải rác",33.5,°C,23.0,°C,36.9,°C,27.1,°C,2026-03-25T05:54,iso8601,2026-03-25T18:04,iso8601,9.3,0.0,mm,0,%,16.1,km/h,32.4,km/h,138,°,2026-03-25,iso8601
1ce67cf699aa7fd135d62ab8400fa8fe,2026-03-25-20-06,10.8132,106.6227,2,wmo code,"Trời quang, có mây rải rác",34.4,°C,23.2,°C,38.2,°C,27.1,°C,2026-03-25T05:54,iso8601,2026-03-25T18:04,iso8601,9.3,0.0,mm,0,%,16.9,km/h,33.5,km/h,142,°,2026-03-25,iso8601
bbf44e86b20088618eb9b2fce9be05d0,2026-03-25-20-06,10.8388,106.6491,2,wmo code,"Trời quang, có mây rải rác",34.4,°C,23.1,°C,38.1,°C,27.1,°C,2026-03-25T05:54,iso8601,2026-03-25T18:04,iso8601,9.3,0.0,mm,0,%,16.9,km/h,33.5,km/h,142,°,2026-03-25,iso8601
1fb9c9a180180aeee163ef5ba2f67729,2026-03-25-20-06,10.7582,106.6703,2,wmo code,"Trời quang, có mây rải rác",33.5,°C,23.0,°C,36.9,°C,27.0,°C,2026-03-25T05:54,iso8601,2026-03-25T18:04,iso8601,9.3,0.0,mm,0,%,16.1,km/h,32.4,km/h,138,°,2026-03-25,iso8601
c11a22a51386b6683718470043bdd752,2026-03-25-20-06,10.7528,106.6535,2,wmo code,"Trời quang, có mây rải rác",33.6,°C,23.1,°C,36.9,°C,27.1,°C,2026-03-25T05:54,iso8601,2026-03-25T18:04,iso8601,9.3,0.0,mm,0,%,16.1,km/h,32.4,km/h,138,°,2026-03-25,iso8601
12af608c38e4c1fd02ec4ad583e7702c,2026-03-25-20-06,10.814,106.6792,2,wmo code,"Trời quang, có mây rải rác",34.4,°C,23.1,°C,38.2,°C,27.1,°C,2026-03-25T05:54,iso8601,2026-03-25T18:04,iso8601,9.3,0.0,mm,0,%,16.9,km/h,33.5,km/h,142,°,2026-03-25,iso8601
59511979ee7eb2dd5299ab6a5484d985,2026-03-25-20-06,10.8424,106.6157,2,wmo code,"Trời quang, có mây rải rác",34.4,°C,23.1,°C,38.1,°C,27.1,°C,2026-03-25T05:54,iso8601,2026-03-25T18:04,iso8601,9.3,0.0,mm,0,%,16.9,km/h,33.5,km/h,142,°,2026-03-25,iso8601
4500eb560fbde7f2b33f070ca8bfadb4,2026-03-25-20-06,10.7535,106.6508,2,wmo code,"Trời quang, có mây rải rác",33.6,°C,23.1,°C,36.9,°C,27.1,°C,2026-03-25T05:54,iso8601,2026-03-25T18:04,iso8601,9.3,0.0,mm,0,%,16.1,km/h,32.4,km/h,138,°,2026-03-25,iso8601
83eff32d809455af93e472143bd22c95,2026-03-25-20-06,10.7647,106.6615,2,wmo code,"Trời quang, có mây rải rác",33.6,°C,23.1,°C,36.9,°C,27.1,°C,2026-03-25T05:54,iso8601,2026-03-25T18:04,iso8601,9.3,0.0,mm,0,%,16.1,km/h,32.4,km/h,138,°,2026-03-25,iso8601
43ccf1a8e1425f3a0fedfc6934db009d,2026-03-25-20-06,10.7451,106.7442,2,wmo code,"Trời quang, có mây rải rác",33.9,°C,23.7,°C,37.5,°C,27.7,°C,2026-03-25T05:54,iso8601,2026-03-25T18:03,iso8601,9.25,0.0,mm,0,%,16.9,km/h,35.3,km/h,138,°,2026-03-25,iso8601
033c171ecff68464c518dc3afc93f707,2026-03-25-20-06,10.8709,106.7757,2,wmo code,"Trời quang, có mây rải rác",34.5,°C,23.2,°C,38.2,°C,27.2,°C,2026-03-25T05:54,iso8601,2026-03-25T18:03,iso8601,9.25,0.0,mm,0,%,16.9,km/h,33.5,km/h,142,°,2026-03-25,iso8601
bcf28f149edbafb780548eda8977f1bd,2026-03-25-20-06,10.8038,106.6878,2,wmo code,"Trời quang, có mây rải rác",33.8,°C,23.6,°C,37.4,°C,27.6,°C,2026-03-25T05:54,iso8601,2026-03-25T18:03,iso8601,9.3,0.0,mm,0,%,16.9,km/h,35.3,km/h,138,°,2026-03-25,iso8601
ed2a2eeb60f28bf68dfbdaf48dbb553a,2026-03-25-20-06,10.7284,106.7086,2,wmo code,"Trời quang, có mây rải rác",33.9,°C,23.6,°C,37.4,°C,27.6,°C,2026-03-25T05:54,iso8601,2026-03-25T18:03,iso8601,9.25,0.0,mm,0,%,16.9,km/h,35.3,km/h,138,°,2026-03-25,iso8601
ba81ae121da65d6eefde7171c47aedfa,2026-03-25-20-06,10.7605,106.6624,2,wmo code,"Trời quang, có mây rải rác",33.5,°C,23.0,°C,36.9,°C,27.1,°C,2026-03-25T05:54,iso8601,2026-03-25T18:04,iso8601,9.3,0.0,mm,0,%,16.1,km/h,32.4,km/h,138,°,2026-03-25,iso8601
e22607016b6f1d75c70dccf6b0e303f5,2026-03-25-20-06,10.7747,106.6996,2,wmo code,"Trời quang, có mây rải rác",33.8,°C,23.6,°C,37.4,°C,27.6,°C,2026-03-25T05:54,iso8601,2026-03-25T18:03,iso8601,9.25,0.0,mm,0,%,16.9,km/h,35.3,km/h,138,°,2026-03-25,iso8601
0850d9a408a4b73193f8810b916dadfa,2026-03-25-20-06,10.8667,106.7916,2,wmo code,"Trời quang, có mây rải rác",34.4,°C,23.2,°C,38.2,°C,27.1,°C,2026-03-25T05:54,iso8601,2026-03-25T18:03,iso8601,9.25,0.0,mm,0,%,16.9,km/h,33.5,km/h,142,°,2026-03-25,iso8601
fabc03cf85b90641ee6d5b2fa3381963,2026-03-25-20-06,10.7679,106.6745,2,wmo code,"Trời quang, có mây rải rác",33.5,°C,23.0,°C,36.9,°C,27.1,°C,2026-03-25T05:54,iso8601,2026-03-25T18:04,iso8601,9.3,0.0,mm,0,%,16.1,km/h,32.4,km/h,138,°,2026-03-25,iso8601
03723a986c31cf1a234b8145447456ea,2026-03-25-20-06,10.739,106.6436,2,wmo code,"Trời quang, có mây rải rác",33.6,°C,23.1,°C,37.0,°C,27.2,°C,2026-03-25T05:54,iso8601,2026-03-25T18:04,iso8601,9.3,0.0,mm,0,%,16.1,km/h,32.4,km/h,138,°,2026-03-25,iso8601
ae789259d7efa21cdf48bf04b0f30669,2026-03-25-20-06,10.7456,106.6237,2,wmo code,"Trời quang, có mây rải rác",33.6,°C,23.1,°C,36.9,°C,27.1,°C,2026-03-25T05:54,iso8601,2026-03-25T18:04,iso8601,9.3,0.0,mm,0,%,16.1,km/h,32.4,km/h,138,°,2026-03-25,iso8601
7f0b87707f8fd7691c1458fe16a5f054,2026-03-25-20-06,10.7618,106.6703,2,wmo code,"Trời quang, có mây rải rác",33.5,°C,23.0,°C,36.9,°C,27.1,°C,2026-03-25T05:54,iso8601,2026-03-25T18:04,iso8601,9.3,0.0,mm,0,%,16.1,km/h,32.4,km/h,138,°,2026-03-25,iso8601
3fd122b90cd72cb1c43901abd9e51a3b,2026-03-25-20-06,10.8449,106.6141,2,wmo code,"Trời quang, có mây rải rác",34.4,°C,23.1,°C,38.1,°C,27.1,°C,2026-03-25T05:54,iso8601,2026-03-25T18:04,iso8601,9.3,0.0,mm,0,%,16.9,km/h,33.5,km/h,142,°,2026-03-25,iso8601
10c32f2911bb190ca64b7c313ade54d0,2026-03-25-20-06,10.8615,106.6642,2,wmo code,"Trời quang, có mây rải rác",34.4,°C,23.2,°C,38.2,°C,27.1,°C,2026-03-25T05:54,iso8601,2026-03-25T18:04,iso8601,9.3,0.0,mm,0,%,16.9,km/h,33.5,km/h,142,°,2026-03-25,iso8601
07c3b6b25b61229d668d7c4c6917d65c,2026-03-25-20-06,10.7714,106.6931,2,wmo code,"Trời quang, có mây rải rác",33.8,°C,23.6,°C,37.3,°C,27.6,°C,2026-03-25T05:54,iso8601,2026-03-25T18:03,iso8601,9.3,0.0,mm,0,%,16.9,km/h,35.3,km/h,138,°,2026-03-25,iso8601
d7d66ec780f7229fc42a104fb9a5fc8d,2026-03-25-20-06,10.7983,106.6675,2,wmo code,"Trời quang, có mây rải rác",33.5,°C,23.0,°C,36.9,°C,27.1,°C,2026-03-25T05:54,iso8601,2026-03-25T18:04,iso8601,9.3,0.0,mm,0,%,16.1,km/h,32.4,km/h,138,°,2026-03-25,iso8601
cdeee4f593891197eb3578e34020930e,2026-03-25-20-06,10.8005,106.7294,2,wmo code,"Trời quang, có mây rải rác",33.9,°C,23.6,°C,37.4,°C,27.7,°C,2026-03-25T05:54,iso8601,2026-03-25T18:03,iso8601,9.25,0.0,mm,0,%,16.9,km/h,35.3,km/h,138,°,2026-03-25,iso8601
033917c1a30a4170547643656b2e2087,2026-03-25-20-06,10.7694,106.6356,2,wmo code,"Trời quang, có mây rải rác",33.6,°C,23.1,°C,36.9,°C,27.1,°C,2026-03-25T05:54,iso8601,2026-03-25T18:04,iso8601,9.3,0.0,mm,0,%,16.1,km/h,32.4,km/h,138,°,2026-03-25,iso8601
cfdfe5236258e46748f0b5bd4c361605,2026-03-25-20-06,10.8447,106.6397,2,wmo code,"Trời quang, có mây rải rác",34.4,°C,23.2,°C,38.2,°C,27.1,°C,2026-03-25T05:54,iso8601,2026-03-25T18:04,iso8601,9.3,0.0,mm,0,%,16.9,km/h,33.5,km/h,142,°,2026-03-25,iso8601
de7a389232823cd0de9374379391ebdd,2026-03-25-20-06,10.7664,106.6423,2,wmo code,"Trời quang, có mây rải rác",33.6,°C,23.1,°C,36.9,°C,27.1,°C,2026-03-25T05:54,iso8601,2026-03-25T18:04,iso8601,9.3,0.0,mm,0,%,16.1,km/h,32.4,km/h,138,°,2026-03-25,iso8601
c6a567f43c47b41238fa4ec6b881889a,2026-03-25-20-06,10.7651,106.7072,2,wmo code,"Trời quang, có mây rải rác",33.8,°C,23.6,°C,37.4,°C,27.6,°C,2026-03-25T05:54,iso8601,2026-03-25T18:03,iso8601,9.25,0.0,mm,0,%,16.9,km/h,35.3,km/h,138,°,2026-03-25,iso8601
f2fbb2eef056e070163a8bae20780e93,2026-03-25-20-06,10.8515,106.6622,2,wmo code,"Trời quang, có mây rải rác",34.4,°C,23.1,°C,38.2,°C,27.1,°C,2026-03-25T05:54,iso8601,2026-03-25T18:04,iso8601,9.3,0.0,mm,0,%,16.9,km/h,33.5,km/h,142,°,2026-03-25,iso8601
19159488838aabb5e7b22630b92d0b76,2026-03-25-20-06,10.7395,106.7068,2,wmo code,"Trời quang, có mây rải rác",33.9,°C,23.6,°C,37.4,°C,27.7,°C,2026-03-25T05:54,iso8601,2026-03-25T18:03,iso8601,9.25,0.0,mm,0,%,16.9,km/h,35.3,km/h,138,°,2026-03-25,iso8601
e68b1cd12d006d76c4294299e1d4eee1,2026-03-25-20-06,10.8055,106.7115,2,wmo code,"Trời quang, có mây rải rác",33.9,°C,23.6,°C,37.4,°C,27.7,°C,2026-03-25T05:54,iso8601,2026-03-25T18:03,iso8601,9.25,0.0,mm,0,%,16.9,km/h,35.3,km/h,138,°,2026-03-25,iso8601
386ac6318097163e888241a001ada6e8,2026-03-25-20-06,10.7589,106.6735,2,wmo code,"Trời quang, có mây rải rác",33.5,°C,23.0,°C,36.9,°C,27.1,°C,2026-03-25T05:54,iso8601,2026-03-25T18:04,iso8601,9.3,0.0,mm,0,%,16.1,km/h,32.4,km/h,138,°,2026-03-25,iso8601
60823706c378f8042fc9c5041b936b84,2026-03-25-20-06,10.7705,106.6573,2,wmo code,"Trời quang, có mây rải rác",33.5,°C,23.0,°C,36.9,°C,27.1,°C,2026-03-25T05:54,iso8601,2026-03-25T18:04,iso8601,9.3,0.0,mm,0,%,16.1,km/h,32.4,km/h,138,°,2026-03-25,iso8601
798016db3d58f253bb6838065124c4b4,2026-03-25-20-06,10.7321,106.6096,2,wmo code,"Trời quang, có mây rải rác",33.6,°C,23.1,°C,37.0,°C,27.2,°C,2026-03-25T05:54,iso8601,2026-03-25T18:04,iso8601,9.3,0.0,mm,0,%,16.1,km/h,32.4,km/h,138,°,2026-03-25,iso8601
54d5deb2ea38453bb024e187e0e99100,2026-03-25-20-06,10.8125,106.6644,2,wmo code,"Trời quang, có mây rải rác",34.4,°C,23.1,°C,38.1,°C,27.1,°C,2026-03-25T05:54,iso8601,2026-03-25T18:04,iso8601,9.3,0.0,mm,0,%,16.9,km/h,33.5,km/h,142,°,2026-03-25,iso8601
7963462bfce8608c85ce6fc58d6db1bb,2026-03-25-20-06,10.7824,106.6956,2,wmo code,"Trời quang, có mây rải rác",33.8,°C,23.5,°C,37.3,°C,27.5,°C,2026-03-25T05:54,iso8601,2026-03-25T18:03,iso8601,9.3,0.0,mm,0,%,16.9,km/h,35.3,km/h,138,°,2026-03-25,iso8601
92f1cb670876b54073fe61492ce5ff52,2026-03-25-20-06,10.8558,106.7839,2,wmo code,"Trời quang, có mây rải rác",34.5,°C,23.2,°C,38.3,°C,27.2,°C,2026-03-25T05:54,iso8601,2026-03-25T18:03,iso8601,9.25,0.0,mm,0,%,16.9,km/h,33.5,km/h,142,°,2026-03-25,iso8601
efd4310b3dc2fcd73f2a9acdbcdfe582,2026-03-25-20-06,10.7571,106.7177,2,wmo code,"Trời quang, có mây rải rác",33.9,°C,23.6,°C,37.4,°C,27.7,°C,2026-03-25T05:54,iso8601,2026-03-25T18:03,iso8601,9.25,0.0,mm,0,%,16.9,km/h,35.3,km/h,138,°,2026-03-25,iso8601
297aa53831588423b2352487df6040c8,2026-03-25-20-06,10.7698,106.6444,2,wmo code,"Trời quang, có mây rải rác",33.6,°C,23.1,°C,36.9,°C,27.1,°C,2026-03-25T05:54,iso8601,2026-03-25T18:04,iso8601,9.3,0.0,mm,0,%,16.1,km/h,32.4,km/h,138,°,2026-03-25,iso8601
2c9483f432b8e6ee5257e25203c3c2d2,2026-03-25-20-06,10.8039,106.6858,2,wmo code,"Trời quang, có mây rải rác",33.5,°C,23.0,°C,36.9,°C,27.1,°C,2026-03-25T05:54,iso8601,2026-03-25T18:04,iso8601,9.3,0.0,mm,0,%,16.1,km/h,32.4,km/h,138,°,2026-03-25,iso8601
2b4070260e2726ad3905ed6b34017434,2026-03-25-20-06,10.8489,106.7742,2,wmo code,"Trời quang, có mây rải rác",34.3,°C,23.1,°C,38.1,°C,27.0,°C,2026-03-25T05:54,iso8601,2026-03-25T18:03,iso8601,9.25,0.0,mm,0,%,16.9,km/h,33.5,km/h,142,°,2026-03-25,iso8601
23c3b821848dd456f7eaf4509b567d43,2026-03-25-20-06,10.8566,106.7843,2,wmo code,"Trời quang, có mây rải rác",34.5,°C,23.2,°C,38.3,°C,27.2,°C,2026-03-25T05:54,iso8601,2026-03-25T18:03,iso8601,9.25,0.0,mm,0,%,16.9,km/h,33.5,km/h,142,°,2026-03-25,iso8601
88c98c9b78471686e9082725625f649e,2026-03-25-20-06,10.7299,106.6022,2,wmo code,"Trời quang, có mây rải rác",33.6,°C,23.1,°C,37.0,°C,27.2,°C,2026-03-25T05:54,iso8601,2026-03-25T18:04,iso8601,9.3,0.0,mm,0,%,16.1,km/h,32.4,km/h,138,°,2026-03-25,iso8601
87a568c59b758b2db8be0f3b70a3324d,2026-03-25-20-06,10.7662,106.6422,2,wmo code,"Trời quang, có mây rải rác",33.6,°C,23.1,°C,36.9,°C,27.1,°C,2026-03-25T05:54,iso8601,2026-03-25T18:04,iso8601,9.3,0.0,mm,0,%,16.1,km/h,32.4,km/h,138,°,2026-03-25,iso8601
a3a5b42c729268c13efcf7aa4a7894aa,2026-03-25-20-06,10.8136,106.7754,2,wmo code,"Trời quang, có mây rải rác",34.5,°C,23.2,°C,38.3,°C,27.2,°C,2026-03-25T05:54,iso8601,2026-03-25T18:03,iso8601,9.25,0.0,mm,0,%,16.9,km/h,33.5,km/h,142,°,2026-03-25,iso8601
c6bdbee9943288bb1b2bcb5ad94530c5,2026-03-25-20-06,10.7495,106.5406,2,wmo code,"Trời quang, có mây rải rác",33.9,°C,23.0,°C,37.3,°C,27.0,°C,2026-03-25T05:55,iso8601,2026-03-25T18:04,iso8601,9.3,0.0,mm,0,%,16.9,km/h,32.4,km/h,140,°,2026-03-25,iso8601
a35f53889128359c0adc816c29f43bee,2026-03-25-20-06,10.7452,106.7026,2,wmo code,"Trời quang, có mây rải rác",33.9,°C,23.6,°C,37.4,°C,27.7,°C,2026-03-25T05:54,iso8601,2026-03-25T18:03,iso8601,9.25,0.0,mm,0,%,16.9,km/h,35.3,km/h,138,°,2026-03-25,iso8601
ab5324396a6dc13b932dac13aac14dac,2026-03-25-20-06,10.778,106.6712,2,wmo code,"Trời quang, có mây rải rác",33.6,°C,23.1,°C,36.9,°C,27.1,°C,2026-03-25T05:54,iso8601,2026-03-25T18:04,iso8601,9.3,0.0,mm,0,%,16.1,km/h,32.4,km/h,138,°,2026-03-25,iso8601
e62c4fd68cff6b858de508e76941e900,2026-03-25-20-06,10.7428,106.74,2,wmo code,"Trời quang, có mây rải rác",33.9,°C,23.7,°C,37.5,°C,27.7,°C,2026-03-25T05:54,iso8601,2026-03-25T18:03,iso8601,9.25,0.0,mm,0,%,16.9,km/h,35.3,km/h,138,°,2026-03-25,iso8601
297a5d1464ab34331df3247aed652926,2026-03-25-20-06,10.8164,106.6834,2,wmo code,"Trời quang, có mây rải rác",34.4,°C,23.1,°C,38.1,°C,27.0,°C,2026-03-25T05:54,iso8601,2026-03-25T18:04,iso8601,9.3,0.0,mm,0,%,16.9,km/h,33.5,km/h,142,°,2026-03-25,iso8601
19c8635315668853c94cc17a523ee97f,2026-03-25-20-06,10.8878,106.7288,2,wmo code,"Trời quang, có mây rải rác",34.5,°C,23.2,°C,38.3,°C,27.2,°C,2026-03-25T05:54,iso8601,2026-03-25T18:03,iso8601,9.25,0.0,mm,0,%,16.9,km/h,33.5,km/h,142,°,2026-03-25,iso8601
a69ac5661bf7c46f54054a7e97a9c640,2026-03-25-20-06,10.772,106.6412,2,wmo code,"Trời quang, có mây rải rác",33.6,°C,23.1,°C,36.9,°C,27.1,°C,2026-03-25T05:54,iso8601,2026-03-25T18:04,iso8601,9.3,0.0,mm,0,%,16.1,km/h,32.4,km/h,138,°,2026-03-25,iso8601
36cd672ab32773a4dcac78b0d3d15c0c,2026-03-25-20-06,10.7822,106.6288,2,wmo code,"Trời quang, có mây rải rác",33.6,°C,23.1,°C,36.9,°C,27.1,°C,2026-03-25T05:54,iso8601,2026-03-25T18:04,iso8601,9.3,0.0,mm,0,%,16.1,km/h,32.4,km/h,138,°,2026-03-25,iso8601
c7695e86589d35c00b8cc3f8b4147749,2026-03-25-20-06,10.7973,106.7041,2,wmo code,"Trời quang, có mây rải rác",33.9,°C,23.6,°C,37.4,°C,27.7,°C,2026-03-25T05:54,iso8601,2026-03-25T18:03,iso8601,9.25,0.0,mm,0,%,16.9,km/h,35.3,km/h,138,°,2026-03-25,iso8601
46f5da33523dee74042c58e5d7affd5b,2026-03-25-20-06,10.8082,106.7557,2,wmo code,"Trời quang, có mây rải rác",33.9,°C,23.6,°C,37.4,°C,27.7,°C,2026-03-25T05:54,iso8601,2026-03-25T18:03,iso8601,9.25,0.0,mm,0,%,16.9,km/h,35.3,km/h,138,°,2026-03-25,iso8601
98c9357b3e508c6dca3ff35cc3c350f2,2026-03-25-20-06,10.7722,106.6945,2,wmo code,"Trời quang, có mây rải rác",33.8,°C,23.6,°C,37.3,°C,27.6,°C,2026-03-25T05:54,iso8601,2026-03-25T18:03,iso8601,9.3,0.0,mm,0,%,16.9,km/h,35.3,km/h,138,°,2026-03-25,iso8601
78740639d5410ec885bd93d91e8f95e8,2026-03-25-20-06,10.8787,106.762,2,wmo code,"Trời quang, có mây rải rác",34.4,°C,23.1,°C,38.1,°C,27.0,°C,2026-03-25T05:54,iso8601,2026-03-25T18:03,iso8601,9.25,0.0,mm,0,%,16.9,km/h,33.5,km/h,142,°,2026-03-25,iso8601
849475e29344d63175677faaf9f43a7f,2026-03-25-20-06,10.7559,106.6939,2,wmo code,"Trời quang, có mây rải rác",33.9,°C,23.6,°C,37.4,°C,27.6,°C,2026-03-25T05:54,iso8601,2026-03-25T18:03,iso8601,9.3,0.0,mm,0,%,16.9,km/h,35.3,km/h,138,°,2026-03-25,iso8601
c00e8a42b8162fb5644d5427c2cae0c5,2026-03-25-20-06,10.769,106.6525,2,wmo code,"Trời quang, có mây rải rác",33.6,°C,23.1,°C,36.9,°C,27.1,°C,2026-03-25T05:54,iso8601,2026-03-25T18:04,iso8601,9.3,0.0,mm,0,%,16.1,km/h,32.4,km/h,138,°,2026-03-25,iso8601
b38f64d6ca9f83b275adfe80fb653f6f,2026-03-25-20-06,10.8883,106.7761,2,wmo code,"Trời quang, có mây rải rác",34.4,°C,23.2,°C,38.2,°C,27.1,°C,2026-03-25T05:54,iso8601,2026-03-25T18:03,iso8601,9.25,0.0,mm,0,%,16.9,km/h,33.5,km/h,142,°,2026-03-25,iso8601
a4f9a1f5403307daea1bb661fc36e527,2026-03-25-20-06,10.7655,106.7706,2,wmo code,"Trời quang, có mây rải rác",33.9,°C,23.7,°C,37.5,°C,27.7,°C,2026-03-25T05:54,iso8601,2026-03-25T18:03,iso8601,9.25,0.0,mm,0,%,16.9,km/h,35.3,km/h,138,°,2026-03-25,iso8601
9f49b898d17c44119f3936623504c3af,2026-03-25-20-06,10.792,106.7089,2,wmo code,"Trời quang, có mây rải rác",33.8,°C,23.6,°C,37.4,°C,27.6,°C,2026-03-25T05:54,iso8601,2026-03-25T18:03,iso8601,9.25,0.0,mm,0,%,16.9,km/h,35.3,km/h,138,°,2026-03-25,iso8601
018c801b805c535de3e65e1877a42922,2026-03-25-20-06,10.8328,106.6218,2,wmo code,"Trời quang, có mây rải rác",34.4,°C,23.2,°C,38.2,°C,27.1,°C,2026-03-25T05:54,iso8601,2026-03-25T18:04,iso8601,9.3,0.0,mm,0,%,16.9,km/h,33.5,km/h,142,°,2026-03-25,iso8601
d9eec1e51c8d82b8c962493b9f272f9f,2026-03-25-20-06,10.7666,106.643,2,wmo code,"Trời quang, có mây rải rác",33.6,°C,23.1,°C,36.9,°C,27.1,°C,2026-03-25T05:54,iso8601,2026-03-25T18:04,iso8601,9.3,0.0,mm,0,%,16.1,km/h,32.4,km/h,138,°,2026-03-25,iso8601
480e682b47457301d6a5232e37bb2b1c,2026-03-25-20-06,10.6765,106.746,3,wmo code,Trời nhiều mây,33.4,°C,23.6,°C,37.0,°C,27.6,°C,2026-03-25T05:54,iso8601,2026-03-25T18:03,iso8601,9.25,0.0,mm,0,%,18.9,km/h,35.6,km/h,133,°,2026-03-25,iso8601
ee3a62132d60650c698f951d336fd4f7,2026-03-25-20-06,10.7672,106.6426,2,wmo code,"Trời quang, có mây rải rác",33.6,°C,23.1,°C,36.9,°C,27.1,°C,2026-03-25T05:54,iso8601,2026-03-25T18:04,iso8601,9.3,0.0,mm,0,%,16.1,km/h,32.4,km/h,138,°,2026-03-25,iso8601
b7a96e838513fa910e384bf242d0d78f,2026-03-25-20-06,10.7746,106.6479,2,wmo code,"Trời quang, có mây rải rác",33.5,°C,23.0,°C,36.9,°C,27.1,°C,2026-03-25T05:54,iso8601,2026-03-25T18:04,iso8601,9.3,0.0,mm,0,%,16.1,km/h,32.4,km/h,138,°,2026-03-25,iso8601
3bdb36a60fa322461bec90c08819e711,2026-03-25-20-06,10.761,106.7005,2,wmo code,"Trời quang, có mây rải rác",33.9,°C,23.6,°C,37.4,°C,27.7,°C,2026-03-25T05:54,iso8601,2026-03-25T18:03,iso8601,9.25,0.0,mm,0,%,16.9,km/h,35.3,km/h,138,°,2026-03-25,iso8601
401b3c340324b71f3c444195c73c3d6e,2026-03-25-20-06,10.8154,106.666,2,wmo code,"Trời quang, có mây rải rác",34.4,°C,23.1,°C,38.1,°C,27.1,°C,2026-03-25T05:54,iso8601,2026-03-25T18:04,iso8601,9.3,0.0,mm,0,%,16.9,km/h,33.5,km/h,142,°,2026-03-25,iso8601
23f1e96430b534bcdc0d50fdcea09831,2026-03-25-20-06,10.783,106.6962,2,wmo code,"Trời quang, có mây rải rác",33.8,°C,23.5,°C,37.3,°C,27.5,°C,2026-03-25T05:54,iso8601,2026-03-25T18:03,iso8601,9.3,0.0,mm,0,%,16.9,km/h,35.3,km/h,138,°,2026-03-25,iso8601
a087bae8763010f3d9314b1be78089de,2026-03-25-20-06,10.8463,106.6441,2,wmo code,"Trời quang, có mây rải rác",34.4,°C,23.1,°C,38.2,°C,27.1,°C,2026-03-25T05:54,iso8601,2026-03-25T18:04,iso8601,9.3,0.0,mm,0,%,16.9,km/h,33.5,km/h,142,°,2026-03-25,iso8601
e29478f607afdcf40384533ee444e45d,2026-03-25-20-06,10.8374,106.6187,2,wmo code,"Trời quang, có mây rải rác",34.4,°C,23.1,°C,38.2,°C,27.1,°C,2026-03-25T05:54,iso8601,2026-03-25T18:04,iso8601,9.3,0.0,mm,0,%,16.9,km/h,33.5,km/h,142,°,2026-03-25,iso8601
b742e1d71e699d94790e1193f8662294,2026-03-25-20-06,10.7576,106.6738,2,wmo code,"Trời quang, có mây rải rác",33.5,°C,23.0,°C,36.9,°C,27.1,°C,2026-03-25T05:54,iso8601,2026-03-25T18:04,iso8601,9.3,0.0,mm,0,%,16.1,km/h,32.4,km/h,138,°,2026-03-25,iso8601
bbe60f9a46cf61aed393aa19886c8fe9,2026-03-25-20-06,10.7959,106.6479,2,wmo code,"Trời quang, có mây rải rác",33.5,°C,23.0,°C,36.9,°C,27.1,°C,2026-03-25T05:54,iso8601,2026-03-25T18:04,iso8601,9.3,0.0,mm,0,%,16.1,km/h,32.4,km/h,138,°,2026-03-25,iso8601
c1d9c55ac84173f24d9850910ad301af,2026-03-25-20-06,10.7538,106.6538,2,wmo code,"Trời quang, có mây rải rác",33.5,°C,23.0,°C,36.9,°C,27.1,°C,2026-03-25T05:54,iso8601,2026-03-25T18:04,iso8601,9.3,0.0,mm,0,%,16.1,km/h,32.4,km/h,138,°,2026-03-25,iso8601
1522e9e000a9027d9582481c644bf9f7,2026-03-25-20-06,10.8367,106.7317,2,wmo code,"Trời quang, có mây rải rác",34.5,°C,23.3,°C,38.3,°C,27.3,°C,2026-03-25T05:54,iso8601,2026-03-25T18:03,iso8601,9.25,0.0,mm,0,%,16.9,km/h,33.5,km/h,142,°,2026-03-25,iso8601
cd9fcc3350c935d00f9ed0823e96e5d8,2026-03-25-20-06,10.8271,106.7182,2,wmo code,"Trời quang, có mây rải rác",34.5,°C,23.3,°C,38.3,°C,27.2,°C,2026-03-25T05:54,iso8601,2026-03-25T18:03,iso8601,9.25,0.0,mm,0,%,16.9,km/h,33.5,km/h,142,°,2026-03-25,iso8601
1fe938e2d17aafebcc703e4d16744c64,2026-03-25-20-06,10.7289,106.717,2,wmo code,"Trời quang, có mây rải rác",33.9,°C,23.6,°C,37.4,°C,27.7,°C,2026-03-25T05:54,iso8601,2026-03-25T18:03,iso8601,9.25,0.0,mm,0,%,16.9,km/h,35.3,km/h,138,°,2026-03-25,iso8601
5c0ee164d2f247a7660b2fa34ac8345b,2026-03-25-20-06,10.7807,106.6589,2,wmo code,"Trời quang, có mây rải rác",33.6,°C,23.1,°C,36.9,°C,27.1,°C,2026-03-25T05:54,iso8601,2026-03-25T18:04,iso8601,9.3,0.0,mm,0,%,16.1,km/h,32.4,km/h,138,°,2026-03-25,iso8601
b8f135fa2b5d4ab8d9b6072920257679,2026-03-25-20-06,10.7537,106.7224,2,wmo code,"Trời quang, có mây rải rác",33.9,°C,23.6,°C,37.4,°C,27.7,°C,2026-03-25T05:54,iso8601,2026-03-25T18:03,iso8601,9.25,0.0,mm,0,%,16.9,km/h,35.3,km/h,138,°,2026-03-25,iso8601
e3eef76fb76e773a3568b80626111e50,2026-03-25-20-06,10.754,106.6341,2,wmo code,"Trời quang, có mây rải rác",33.6,°C,23.1,°C,36.9,°C,27.1,°C,2026-03-25T05:54,iso8601,2026-03-25T18:04,iso8601,9.3,0.0,mm,0,%,16.1,km/h,32.4,km/h,138,°,2026-03-25,iso8601
47d57b8fa5d938cb21fb54105483948a,2026-03-25-20-06,10.8761,106.7543,2,wmo code,"Trời quang, có mây rải rác",34.3,°C,23.1,°C,38.1,°C,27.0,°C,2026-03-25T05:54,iso8601,2026-03-25T18:03,iso8601,9.25,0.0,mm,0,%,16.9,km/h,33.5,km/h,142,°,2026-03-25,iso8601
a25f900e1dba4811f5b92c475d1c7569,2026-03-25-20-06,10.8147,106.6787,2,wmo code,"Trời quang, có mây rải rác",34.3,°C,23.1,°C,38.1,°C,27.0,°C,2026-03-25T05:54,iso8601,2026-03-25T18:04,iso8601,9.3,0.0,mm,0,%,16.9,km/h,33.5,km/h,142,°,2026-03-25,iso8601
6b0fbf6a2e4ef04b02bd48b90ded9f0e,2026-03-25-20-06,10.7766,106.6565,2,wmo code,"Trời quang, có mây rải rác",33.5,°C,23.0,°C,36.9,°C,27.1,°C,2026-03-25T05:54,iso8601,2026-03-25T18:04,iso8601,9.3,0.0,mm,0,%,16.1,km/h,32.4,km/h,138,°,2026-03-25,iso8601
71556bf33dd98572aa9d31a6b06cf75f,2026-03-25-20-06,10.7707,106.6991,2,wmo code,"Trời quang, có mây rải rác",33.9,°C,23.6,°C,37.4,°C,27.7,°C,2026-03-25T05:54,iso8601,2026-03-25T18:03,iso8601,9.3,0.0,mm,0,%,16.9,km/h,35.3,km/h,138,°,2026-03-25,iso8601
6c15256cf0002f82edd3c632b8618c01,2026-03-25-20-06,10.8824,106.7699,2,wmo code,"Trời quang, có mây rải rác",34.4,°C,23.1,°C,38.1,°C,27.0,°C,2026-03-25T05:54,iso8601,2026-03-25T18:03,iso8601,9.25,0.0,mm,0,%,16.9,km/h,33.5,km/h,142,°,2026-03-25,iso8601
2a66e0efdaf3550d5849f40eb9ed089d,2026-03-25-20-06,10.7976,106.7238,2,wmo code,"Trời quang, có mây rải rác",33.9,°C,23.6,°C,37.4,°C,27.7,°C,2026-03-25T05:54,iso8601,2026-03-25T18:03,iso8601,9.25,0.0,mm,0,%,16.9,km/h,35.3,km/h,138,°,2026-03-25,iso8601
affae36eff23201dda569057e2294a40,2026-03-25-20-06,10.8428,106.6753,2,wmo code,"Trời quang, có mây rải rác",34.4,°C,23.1,°C,38.1,°C,27.1,°C,2026-03-25T05:54,iso8601,2026-03-25T18:04,iso8601,9.3,0.0,mm,0,%,16.9,km/h,33.5,km/h,142,°,2026-03-25,iso8601
a0f9b336cdde1225f168a0c44bf80a06,2026-03-25-20-06,10.8601,106.6506,2,wmo code,"Trời quang, có mây rải rác",34.4,°C,23.2,°C,38.2,°C,27.1,°C,2026-03-25T05:54,iso8601,2026-03-25T18:04,iso8601,9.3,0.0,mm,0,%,16.9,km/h,33.5,km/h,142,°,2026-03-25,iso8601
af4f9bffc8e9c8f8229437465291e32e,2026-03-25-20-06,10.8671,106.7579,2,wmo code,"Trời quang, có mây rải rác",34.3,°C,23.1,°C,38.1,°C,27.0,°C,2026-03-25T05:54,iso8601,2026-03-25T18:03,iso8601,9.25,0.0,mm,0,%,16.9,km/h,33.5,km/h,142,°,2026-03-25,iso8601
c3c013d289edec4813b34f41d283e138,2026-03-25-20-06,10.7558,106.6664,2,wmo code,"Trời quang, có mây rải rác",33.6,°C,23.1,°C,36.9,°C,27.1,°C,2026-03-25T05:54,iso8601,2026-03-25T18:04,iso8601,9.3,0.0,mm,0,%,16.1,km/h,32.4,km/h,138,°,2026-03-25,iso8601
2c13b08f45398838cbdc9f0c9a8d89e2,2026-03-25-20-06,10.7505,106.6597,2,wmo code,"Trời quang, có mây rải rác",33.6,°C,23.1,°C,36.9,°C,27.1,°C,2026-03-25T05:54,iso8601,2026-03-25T18:04,iso8601,9.3,0.0,mm,0,%,16.1,km/h,32.4,km/h,138,°,2026-03-25,iso8601
fd3679f127d3799d313a5db2a703ef9b,2026-03-25-20-06,10.7618,106.6562,2,wmo code,"Trời quang, có mây rải rác",33.5,°C,23.0,°C,36.9,°C,27.1,°C,2026-03-25T05:54,iso8601,2026-03-25T18:04,iso8601,9.3,0.0,mm,0,%,16.1,km/h,32.4,km/h,138,°,2026-03-25,iso8601
cbb3cdb1ae52a7a0119f0ed40870900c,2026-03-25-20-06,10.7915,106.672,2,wmo code,"Trời quang, có mây rải rác",33.5,°C,23.0,°C,36.9,°C,27.1,°C,2026-03-25T05:54,iso8601,2026-03-25T18:04,iso8601,9.3,0.0,mm,0,%,16.1,km/h,32.4,km/h,138,°,2026-03-25,iso8601
46df3fab6fa51b6145d3294fe13f6ae1,2026-03-25-20-06,10.7884,106.8359,2,wmo code,"Trời quang, có mây rải rác",34.3,°C,23.7,°C,38.1,°C,27.8,°C,2026-03-25T05:53,iso8601,2026-03-25T18:03,iso8601,9.25,0.0,mm,0,%,17.3,km/h,36.0,km/h,138,°,2026-03-25,iso8601
61c36bba58e63f03d429f5069ede8f46,2026-03-25-20-06,10.8615,106.6652,2,wmo code,"Trời quang, có mây rải rác",34.4,°C,23.2,°C,38.2,°C,27.2,°C,2026-03-25T05:54,iso8601,2026-03-25T18:04,iso8601,9.3,0.0,mm,0,%,16.9,km/h,33.5,km/h,142,°,2026-03-25,iso8601
6e31e82e1b38c60c5466903c8cb2e499,2026-03-25-20-06,10.7985,106.6431,2,wmo code,"Trời quang, có mây rải rác",33.5,°C,23.0,°C,36.9,°C,27.1,°C,2026-03-25T05:54,iso8601,2026-03-25T18:04,iso8601,9.3,0.0,mm,0,%,16.1,km/h,32.4,km/h,138,°,2026-03-25,iso8601
3e121d99cb433ec1d4c82ffd2797d0c0,2026-03-25-20-06,10.7832,106.6254,2,wmo code,"Trời quang, có mây rải rác",33.6,°C,23.1,°C,36.9,°C,27.1,°C,2026-03-25T05:54,iso8601,2026-03-25T18:04,iso8601,9.3,0.0,mm,0,%,16.1,km/h,32.4,km/h,138,°,2026-03-25,iso8601
42d38218242c47283340f4bf54a67bac,2026-03-25-20-06,10.8385,106.6468,2,wmo code,"Trời quang, có mây rải rác",34.4,°C,23.1,°C,38.1,°C,27.1,°C,2026-03-25T05:54,iso8601,2026-03-25T18:04,iso8601,9.3,0.0,mm,0,%,16.9,km/h,33.5,km/h,142,°,2026-03-25,iso8601
6d87180f0e9f67bd24aed8b09818e5ec,2026-03-25-20-06,10.8553,106.6556,2,wmo code,"Trời quang, có mây rải rác",34.4,°C,23.2,°C,38.2,°C,27.1,°C,2026-03-25T05:54,iso8601,2026-03-25T18:04,iso8601,9.3,0.0,mm,0,%,16.9,km/h,33.5,km/h,142,°,2026-03-25,iso8601
4ea94be526554335f1d9ce80bc93b90c,2026-03-25-20-06,10.7391,106.6047,2,wmo code,"Trời quang, có mây rải rác",33.6,°C,23.1,°C,37.0,°C,27.2,°C,2026-03-25T05:54,iso8601,2026-03-25T18:04,iso8601,9.3,0.0,mm,0,%,16.1,km/h,32.4,km/h,138,°,2026-03-25,iso8601
d21e230286ed05f3b67dd652c64f0201,2026-03-25-20-06,10.8011,106.7393,2,wmo code,"Trời quang, có mây rải rác",33.9,°C,23.6,°C,37.4,°C,27.7,°C,2026-03-25T05:54,iso8601,2026-03-25T18:03,iso8601,9.25,0.0,mm,0,%,16.9,km/h,35.3,km/h,138,°,2026-03-25,iso8601
af62fd96ae70b4a6d1e1fae7b2a6368f,2026-03-25-20-06,10.8786,106.8018,2,wmo code,"Trời quang, có mây rải rác",34.4,°C,23.1,°C,38.1,°C,27.0,°C,2026-03-25T05:54,iso8601,2026-03-25T18:03,iso8601,9.25,0.0,mm,0,%,16.9,km/h,33.5,km/h,142,°,2026-03-25,iso8601
ea055712dcc767bdcd57ebca88d87b65,2026-03-25-20-06,10.7358,106.6338,2,wmo code,"Trời quang, có mây rải rác",33.6,°C,23.1,°C,36.9,°C,27.1,°C,2026-03-25T05:54,iso8601,2026-03-25T18:04,iso8601,9.3,0.0,mm,0,%,16.1,km/h,32.4,km/h,138,°,2026-03-25,iso8601
a3bdd2a7c4c008f49e416ee5957c5044,2026-03-25-20-06,10.8502,106.6314,2,wmo code,"Trời quang, có mây rải rác",34.4,°C,23.2,°C,38.2,°C,27.1,°C,2026-03-25T05:54,iso8601,2026-03-25T18:04,iso8601,9.3,0.0,mm,0,%,16.9,km/h,33.5,km/h,142,°,2026-03-25,iso8601
f1284f78967f73484fddadf068a2efbb,2026-03-25-20-06,10.7509,106.6565,2,wmo code,"Trời quang, có mây rải rác",33.5,°C,23.0,°C,36.9,°C,27.1,°C,2026-03-25T05:54,iso8601,2026-03-25T18:04,iso8601,9.3,0.0,mm,0,%,16.1,km/h,32.4,km/h,138,°,2026-03-25,iso8601
af9aee36267be3637ecc4a448db6612f,2026-03-25-20-06,10.7496,106.5942,2,wmo code,"Trời quang, có mây rải rác",33.6,°C,23.1,°C,37.0,°C,27.2,°C,2026-03-25T05:54,iso8601,2026-03-25T18:04,iso8601,9.3,0.0,mm,0,%,16.1,km/h,32.4,km/h,138,°,2026-03-25,iso8601
46fc423d727b252cc98937db8a8b6798,2026-03-25-20-06,10.7677,106.6589,2,wmo code,"Trời quang, có mây rải rác",33.6,°C,23.1,°C,36.9,°C,27.1,°C,2026-03-25T05:54,iso8601,2026-03-25T18:04,iso8601,9.3,0.0,mm,0,%,16.1,km/h,32.4,km/h,138,°,2026-03-25,iso8601
cdeed7be06733b87b81c81d61e056740,2026-03-25-20-06,10.7619,106.6684,2,wmo code,"Trời quang, có mây rải rác",33.5,°C,23.0,°C,36.9,°C,27.1,°C,2026-03-25T05:54,iso8601,2026-03-25T18:04,iso8601,9.3,0.0,mm,0,%,16.1,km/h,32.4,km/h,138,°,2026-03-25,iso8601
cfee41269e100ac72dee07e16c1b7ab4,2026-03-25-20-06,10.7912,106.7305,2,wmo code,"Trời quang, có mây rải rác",33.9,°C,23.6,°C,37.4,°C,27.7,°C,2026-03-25T05:54,iso8601,2026-03-25T18:03,iso8601,9.25,0.0,mm,0,%,16.9,km/h,35.3,km/h,138,°,2026-03-25,iso8601
9364df0a65839c6b289e2c4469d3d22c,2026-03-25-20-06,10.7701,106.6941,2,wmo code,"Trời quang, có mây rải rác",33.8,°C,23.6,°C,37.3,°C,27.6,°C,2026-03-25T05:54,iso8601,2026-03-25T18:03,iso8601,9.3,0.0,mm,0,%,16.9,km/h,35.3,km/h,138,°,2026-03-25,iso8601
ef25d9a9d7773bc5b6e83284e06e705a,2026-03-25-20-06,10.8458,106.6379,2,wmo code,"Trời quang, có mây rải rác",34.4,°C,23.2,°C,38.2,°C,27.1,°C,2026-03-25T05:54,iso8601,2026-03-25T18:04,iso8601,9.3,0.0,mm,0,%,16.9,km/h,33.5,km/h,142,°,2026-03-25,iso8601
0748a04cc0fc3eaa1b3262cdb77d7fbb,2026-03-25-20-06,10.7602,106.6704,2,wmo code,"Trời quang, có mây rải rác",33.5,°C,23.0,°C,36.9,°C,27.1,°C,2026-03-25T05:54,iso8601,2026-03-25T18:04,iso8601,9.3,0.0,mm,0,%,16.1,km/h,32.4,km/h,138,°,2026-03-25,iso8601
18ead8f3b4eae621f99e051d0932fbce,2026-03-25-20-06,10.8826,106.616,2,wmo code,"Trời quang, có mây rải rác",34.4,°C,23.1,°C,38.2,°C,27.1,°C,2026-03-25T05:54,iso8601,2026-03-25T18:04,iso8601,9.3,0.0,mm,0,%,16.9,km/h,33.5,km/h,142,°,2026-03-25,iso8601
e9179c6931cc90177d171c77c9192f95,2026-03-25-20-06,10.8398,106.6791,2,wmo code,"Trời quang, có mây rải rác",34.4,°C,23.1,°C,38.2,°C,27.1,°C,2026-03-25T05:54,iso8601,2026-03-25T18:04,iso8601,9.3,0.0,mm,0,%,16.9,km/h,33.5,km/h,142,°,2026-03-25,iso8601
2663bf870792abf3dde0cccf2e32b12a,2026-03-25-20-06,10.7407,106.6176,2,wmo code,"Trời quang, có mây rải rác",33.6,°C,23.1,°C,36.9,°C,27.1,°C,2026-03-25T05:54,iso8601,2026-03-25T18:04,iso8601,9.3,0.0,mm,0,%,16.1,km/h,32.4,km/h,138,°,2026-03-25,iso8601
bad9590cb76fd6a92025e61282305a77,2026-03-25-20-06,10.8265,106.6801,2,wmo code,"Trời quang, có mây rải rác",34.4,°C,23.1,°C,38.1,°C,27.0,°C,2026-03-25T05:54,iso8601,2026-03-25T18:04,iso8601,9.3,0.0,mm,0,%,16.9,km/h,33.5,km/h,142,°,2026-03-25,iso8601
ed1ed85b3a4498dc0344c576708d092f,2026-03-25-20-06,10.8757,106.7661,2,wmo code,"Trời quang, có mây rải rác",34.4,°C,23.1,°C,38.1,°C,27.1,°C,2026-03-25T05:54,iso8601,2026-03-25T18:03,iso8601,9.25,0.0,mm,0,%,16.9,km/h,33.5,km/h,142,°,2026-03-25,iso8601
5352666e6432a10fceff657a7a02f997,2026-03-25-20-06,10.8672,106.7747,2,wmo code,"Trời quang, có mây rải rác",34.4,°C,23.1,°C,38.1,°C,27.0,°C,2026-03-25T05:54,iso8601,2026-03-25T18:03,iso8601,9.25,0.0,mm,0,%,16.9,km/h,33.5,km/h,142,°,2026-03-25,iso8601
e4a6494ab7cb6a9f183b915cbd16840c,2026-03-25-20-06,10.8746,106.6085,2,wmo code,"Trời quang, có mây rải rác",34.4,°C,23.1,°C,38.2,°C,27.1,°C,2026-03-25T05:54,iso8601,2026-03-25T18:04,iso8601,9.3,0.0,mm,0,%,16.9,km/h,33.5,km/h,142,°,2026-03-25,iso8601
dda3a3119514ffc33eb07addfd018b70,2026-03-25-20-06,10.7778,106.6849,2,wmo code,"Trời quang, có mây rải rác",33.6,°C,23.1,°C,36.9,°C,27.1,°C,2026-03-25T05:54,iso8601,2026-03-25T18:04,iso8601,9.3,0.0,mm,0,%,16.1,km/h,32.4,km/h,138,°,2026-03-25,iso8601
94aadac0163a4195d344b2ff0cf5d166,2026-03-25-20-06,10.8002,106.6678,2,wmo code,"Trời quang, có mây rải rác",33.6,°C,23.1,°C,36.9,°C,27.1,°C,2026-03-25T05:54,iso8601,2026-03-25T18:04,iso8601,9.3,0.0,mm,0,%,16.1,km/h,32.4,km/h,138,°,2026-03-25,iso8601
721ca16cebba9df967d3c48fb8f8515a,2026-03-25-20-06,10.8513,106.72,2,wmo code,"Trời quang, có mây rải rác",34.5,°C,23.3,°C,38.3,°C,27.3,°C,2026-03-25T05:54,iso8601,2026-03-25T18:03,iso8601,9.25,0.0,mm,0,%,16.9,km/h,33.5,km/h,142,°,2026-03-25,iso8601
76ad16bdde3e94469382285b76b17a4b,2026-03-25-20-06,10.782,106.6549,2,wmo code,"Trời quang, có mây rải rác",33.5,°C,23.0,°C,36.9,°C,27.1,°C,2026-03-25T05:54,iso8601,2026-03-25T18:04,iso8601,9.3,0.0,mm,0,%,16.1,km/h,32.4,km/h,138,°,2026-03-25,iso8601
823a0dbc9b2b7b01d1fa23d547c80121,2026-03-25-20-06,10.7621,106.6569,2,wmo code,"Trời quang, có mây rải rác",33.6,°C,23.1,°C,36.9,°C,27.1,°C,2026-03-25T05:54,iso8601,2026-03-25T18:04,iso8601,9.3,0.0,mm,0,%,16.1,km/h,32.4,km/h,138,°,2026-03-25,iso8601
2c2cf7de99d1512a422bc3afcdf54213,2026-03-25-20-06,10.7546,106.6365,2,wmo code,"Trời quang, có mây rải rác",33.6,°C,23.1,°C,37.0,°C,27.1,°C,2026-03-25T05:54,iso8601,2026-03-25T18:04,iso8601,9.3,0.0,mm,0,%,16.1,km/h,32.4,km/h,138,°,2026-03-25,iso8601
997aedfe6c626102e11c9aac6233d89a,2026-03-25-20-06,10.8397,106.6653,2,wmo code,"Trời quang, có mây rải rác",34.4,°C,23.1,°C,38.1,°C,27.0,°C,2026-03-25T05:54,iso8601,2026-03-25T18:04,iso8601,9.3,0.0,mm,0,%,16.9,km/h,33.5,km/h,142,°,2026-03-25,iso8601
aecdc48bd5b765a23d6774bcb21df781,2026-03-25-20-06,10.7778,106.6988,2,wmo code,"Trời quang, có mây rải rác",33.8,°C,23.5,°C,37.3,°C,27.5,°C,2026-03-25T05:54,iso8601,2026-03-25T18:03,iso8601,9.3,0.0,mm,0,%,16.9,km/h,35.3,km/h,138,°,2026-03-25,iso8601
c0298e6264c5625c9b66f21d640bf1c7,2026-03-25-20-06,10.7993,106.7335,2,wmo code,"Trời quang, có mây rải rác",33.9,°C,23.6,°C,37.4,°C,27.7,°C,2026-03-25T05:54,iso8601,2026-03-25T18:03,iso8601,9.25,0.0,mm,0,%,16.9,km/h,35.3,km/h,138,°,2026-03-25,iso8601
4b05bc9df382de766da7daae86b359e4,2026-03-25-20-06,10.8576,106.6962,2,wmo code,"Trời quang, có mây rải rác",34.5,°C,23.3,°C,38.3,°C,27.3,°C,2026-03-25T05:54,iso8601,2026-03-25T18:03,iso8601,9.3,0.0,mm,0,%,16.9,km/h,33.5,km/h,142,°,2026-03-25,iso8601
f3bd3e0952b04e44f2390f3158e257d0,2026-03-25-20-06,10.797,106.6646,2,wmo code,"Trời quang, có mây rải rác",33.5,°C,23.0,°C,36.9,°C,27.1,°C,2026-03-25T05:54,iso8601,2026-03-25T18:04,iso8601,9.3,0.0,mm,0,%,16.1,km/h,32.4,km/h,138,°,2026-03-25,iso8601
3d0fa54c033be561ff58713143b26e73,2026-03-25-20-06,10.6888,106.5897,2,wmo code,"Trời quang, có mây rải rác",33.6,°C,23.1,°C,37.0,°C,27.2,°C,2026-03-25T05:54,iso8601,2026-03-25T18:04,iso8601,9.3,0.0,mm,0,%,16.1,km/h,32.4,km/h,138,°,2026-03-25,iso8601
484c28c23410d622d39953dfe9ae544b,2026-03-25-20-06,10.7556,106.6634,2,wmo code,"Trời quang, có mây rải rác",33.6,°C,23.1,°C,36.9,°C,27.1,°C,2026-03-25T05:54,iso8601,2026-03-25T18:04,iso8601,9.3,0.0,mm,0,%,16.1,km/h,32.4,km/h,138,°,2026-03-25,iso8601
1233bba5ca25d8e284fd778f04ef644a,2026-03-25-20-06,10.7312,106.7192,2,wmo code,"Trời quang, có mây rải rác",33.8,°C,23.6,°C,37.4,°C,27.6,°C,2026-03-25T05:54,iso8601,2026-03-25T18:03,iso8601,9.25,0.0,mm,0,%,16.9,km/h,35.3,km/h,138,°,2026-03-25,iso8601
f9534a14ca55def329c3d76ef4b88a70,2026-03-25-20-06,10.7389,106.6893,2,wmo code,"Trời quang, có mây rải rác",33.9,°C,23.6,°C,37.4,°C,27.7,°C,2026-03-25T05:54,iso8601,2026-03-25T18:03,iso8601,9.3,0.0,mm,0,%,16.9,km/h,35.3,km/h,138,°,2026-03-25,iso8601
a43855d734537d6695bde9802e663a0e,2026-03-25-20-06,10.7384,106.6151,2,wmo code,"Trời quang, có mây rải rác",33.6,°C,23.1,°C,36.9,°C,27.1,°C,2026-03-25T05:54,iso8601,2026-03-25T18:04,iso8601,9.3,0.0,mm,0,%,16.1,km/h,32.4,km/h,138,°,2026-03-25,iso8601
cc87908123841e95270c11abdbbb8628,2026-03-25-20-06,10.7817,106.6249,2,wmo code,"Trời quang, có mây rải rác",33.6,°C,23.1,°C,36.9,°C,27.1,°C,2026-03-25T05:54,iso8601,2026-03-25T18:04,iso8601,9.3,0.0,mm,0,%,16.1,km/h,32.4,km/h,138,°,2026-03-25,iso8601
077abce41d36295c50eedc27a6c8a57e,2026-03-25-20-06,10.8415,106.7438,2,wmo code,"Trời quang, có mây rải rác",34.5,°C,23.3,°C,38.3,°C,27.3,°C,2026-03-25T05:54,iso8601,2026-03-25T18:03,iso8601,9.25,0.0,mm,0,%,16.9,km/h,33.5,km/h,142,°,2026-03-25,iso8601
2268892ea7efae68e2fa50c4e77360bf,2026-03-25-20-06,10.8213,106.6976,2,wmo code,"Trời quang, có mây rải rác",34.5,°C,23.3,°C,38.3,°C,27.3,°C,2026-03-25T05:54,iso8601,2026-03-25T18:03,iso8601,9.3,0.0,mm,0,%,16.9,km/h,33.5,km/h,142,°,2026-03-25,iso8601
b2c16b0585d24925d45b474129c80584,2026-03-25-20-06,10.7357,106.6934,2,wmo code,"Trời quang, có mây rải rác",33.9,°C,23.6,°C,37.4,°C,27.7,°C,2026-03-25T05:54,iso8601,2026-03-25T18:03,iso8601,9.3,0.0,mm,0,%,16.9,km/h,35.3,km/h,138,°,2026-03-25,iso8601
f633bf06989ace67548c52bce7130e95,2026-03-25-20-06,10.8112,106.6955,2,wmo code,"Trời quang, có mây rải rác",33.8,°C,23.6,°C,37.3,°C,27.6,°C,2026-03-25T05:54,iso8601,2026-03-25T18:03,iso8601,9.3,0.0,mm,0,%,16.9,km/h,35.3,km/h,138,°,2026-03-25,iso8601
38a661558bc6a99ae1fccf8a8bf061b0,2026-03-25-20-06,10.7414,106.6885,2,wmo code,"Trời quang, có mây rải rác",33.9,°C,23.6,°C,37.4,°C,27.7,°C,2026-03-25T05:54,iso8601,2026-03-25T18:03,iso8601,9.3,0.0,mm,0,%,16.9,km/h,35.3,km/h,138,°,2026-03-25,iso8601
23b2f235a90abe1a200e390bb787a70d,2026-03-25-20-06,10.7733,106.7015,2,wmo code,"Trời quang, có mây rải rác",33.9,°C,23.6,°C,37.4,°C,27.7,°C,2026-03-25T05:54,iso8601,2026-03-25T18:03,iso8601,9.25,0.0,mm,0,%,16.9,km/h,35.3,km/h,138,°,2026-03-25,iso8601
546c0fd92ee9ee660ef6cb75081d69d1,2026-03-25-20-06,10.7815,106.6358,2,wmo code,"Trời quang, có mây rải rác",33.6,°C,23.1,°C,36.9,°C,27.1,°C,2026-03-25T05:54,iso8601,2026-03-25T18:04,iso8601,9.3,0.0,mm,0,%,16.1,km/h,32.4,km/h,138,°,2026-03-25,iso8601
6809c850a7deedba242b8f5915efc051,2026-03-25-20-06,10.7704,106.6581,2,wmo code,"Trời quang, có mây rải rác",33.5,°C,23.0,°C,36.9,°C,27.1,°C,2026-03-25T05:54,iso8601,2026-03-25T18:04,iso8601,9.3,0.0,mm,0,%,16.1,km/h,32.4,km/h,138,°,2026-03-25,iso8601
a9f9d1ead35edcfb9f3680e4a016a068,2026-03-25-20-06,10.8843,106.6105,2,wmo code,"Trời quang, có mây rải rác",34.4,°C,23.2,°C,38.2,°C,27.1,°C,2026-03-25T05:54,iso8601,2026-03-25T18:04,iso8601,9.3,0.0,mm,0,%,16.9,km/h,33.5,km/h,142,°,2026-03-25,iso8601
f1fe8c6487b8951009b7e4f5a032eebb,2026-03-25-20-06,10.7836,106.6544,2,wmo code,"Trời quang, có mây rải rác",33.5,°C,23.0,°C,36.9,°C,27.1,°C,2026-03-25T05:54,iso8601,2026-03-25T18:04,iso8601,9.3,0.0,mm,0,%,16.1,km/h,32.4,km/h,138,°,2026-03-25,iso8601
2750d3a201062d7deb2e154049891644,2026-03-25-20-06,10.8031,106.7498,2,wmo code,"Trời quang, có mây rải rác",33.9,°C,23.6,°C,37.4,°C,27.7,°C,2026-03-25T05:54,iso8601,2026-03-25T18:03,iso8601,9.25,0.0,mm,0,%,16.9,km/h,35.3,km/h,138,°,2026-03-25,iso8601
803ac7a210795e2a71578737c8b26b4a,2026-03-25-20-06,10.8017,106.6509,2,wmo code,"Trời quang, có mây rải rác",33.5,°C,23.0,°C,36.8,°C,27.0,°C,2026-03-25T05:54,iso8601,2026-03-25T18:04,iso8601,9.3,0.0,mm,0,%,16.1,km/h,32.4,km/h,138,°,2026-03-25,iso8601
49ecdc5552ce5a28149992c19a4c4a1d,2026-03-25-20-06,10.7404,106.6548,2,wmo code,"Trời quang, có mây rải rác",33.6,°C,23.1,°C,37.0,°C,27.2,°C,2026-03-25T05:54,iso8601,2026-03-25T18:04,iso8601,9.3,0.0,mm,0,%,16.1,km/h,32.4,km/h,138,°,2026-03-25,iso8601
9105769bba4279532a89697abbb61d88,2026-03-25-20-06,10.7781,106.7323,2,wmo code,"Trời quang, có mây rải rác",33.9,°C,23.6,°C,37.4,°C,27.7,°C,2026-03-25T05:54,iso8601,2026-03-25T18:03,iso8601,9.25,0.0,mm,0,%,16.9,km/h,35.3,km/h,138,°,2026-03-25,iso8601
6d672ad0d6335ee07b611a1f2f1304d2,2026-03-25-20-06,10.8675,106.7843,2,wmo code,"Trời quang, có mây rải rác",34.4,°C,23.2,°C,38.2,°C,27.1,°C,2026-03-25T05:54,iso8601,2026-03-25T18:03,iso8601,9.25,0.0,mm,0,%,16.9,km/h,33.5,km/h,142,°,2026-03-25,iso8601
edd04a4ad93a14c44c8817dc0837f268,2026-03-25-20-06,10.7597,106.6588,2,wmo code,"Trời quang, có mây rải rác",33.5,°C,23.0,°C,36.9,°C,27.1,°C,2026-03-25T05:54,iso8601,2026-03-25T18:04,iso8601,9.3,0.0,mm,0,%,16.1,km/h,32.4,km/h,138,°,2026-03-25,iso8601
1460ffb54a4898ecb221ae04c69097bb,2026-03-25-20-06,10.7525,106.6668,2,wmo code,"Trời quang, có mây rải rác",33.5,°C,23.0,°C,36.9,°C,27.1,°C,2026-03-25T05:54,iso8601,2026-03-25T18:04,iso8601,9.3,0.0,mm,0,%,16.1,km/h,32.4,km/h,138,°,2026-03-25,iso8601
9e87e65f14478d95d9cb204282304d19,2026-03-25-20-06,10.8434,106.7054,2,wmo code,"Trời quang, có mây rải rác",34.5,°C,23.3,°C,38.3,°C,27.3,°C,2026-03-25T05:54,iso8601,2026-03-25T18:03,iso8601,9.25,0.0,mm,0,%,16.9,km/h,33.5,km/h,142,°,2026-03-25,iso8601
fee52e621307b13a43564a2266b89bda,2026-03-25-20-06,10.7814,106.6433,2,wmo code,"Trời quang, có mây rải rác",33.6,°C,23.1,°C,36.9,°C,27.1,°C,2026-03-25T05:54,iso8601,2026-03-25T18:04,iso8601,9.3,0.0,mm,0,%,16.1,km/h,32.4,km/h,138,°,2026-03-25,iso8601
042d47f888a4c04594fb225b07cdf24f,2026-03-25-20-06,10.7483,106.588,2,wmo code,"Trời quang, có mây rải rác",33.6,°C,23.1,°C,37.0,°C,27.2,°C,2026-03-25T05:54,iso8601,2026-03-25T18:04,iso8601,9.3,0.0,mm,0,%,16.1,km/h,32.4,km/h,138,°,2026-03-25,iso8601
51e315913bf3e64b6750e535df7ea2f3,2026-03-25-20-06,10.863,106.6803,2,wmo code,"Trời quang, có mây rải rác",34.4,°C,23.2,°C,38.2,°C,27.1,°C,2026-03-25T05:54,iso8601,2026-03-25T18:04,iso8601,9.3,0.0,mm,0,%,16.9,km/h,33.5,km/h,142,°,2026-03-25,iso8601
baf64f563cfe688df4fa44e5ae3f87d7,2026-03-25-20-06,10.7503,106.6631,2,wmo code,"Trời quang, có mây rải rác",33.5,°C,23.0,°C,36.9,°C,27.1,°C,2026-03-25T05:54,iso8601,2026-03-25T18:04,iso8601,9.3,0.0,mm,0,%,16.1,km/h,32.4,km/h,138,°,2026-03-25,iso8601
3f5aacc1931c055cc7a2cda0d227e7c2,2026-03-25-20-06,10.7586,106.6925,2,wmo code,"Trời quang, có mây rải rác",33.9,°C,23.6,°C,37.4,°C,27.6,°C,2026-03-25T05:54,iso8601,2026-03-25T18:03,iso8601,9.3,0.0,mm,0,%,16.9,km/h,35.3,km/h,138,°,2026-03-25,iso8601
415a7cf2c625d07630e911dddd050b57,2026-03-25-20-06,10.7202,106.5387,2,wmo code,"Trời quang, có mây rải rác",33.9,°C,23.0,°C,37.3,°C,27.0,°C,2026-03-25T05:55,iso8601,2026-03-25T18:04,iso8601,9.3,0.0,mm,0,%,16.9,km/h,32.4,km/h,140,°,2026-03-25,iso8601
19b2b1ee459d0d7845cb550540215992,2026-03-25-20-06,10.7738,106.7398,2,wmo code,"Trời quang, có mây rải rác",33.9,°C,23.6,°C,37.4,°C,27.7,°C,2026-03-25T05:54,iso8601,2026-03-25T18:03,iso8601,9.25,0.0,mm,0,%,16.9,km/h,35.3,km/h,138,°,2026-03-25,iso8601
deb41e409d227136251629f2882ac34f,2026-03-25-20-06,10.7785,106.7322,2,wmo code,"Trời quang, có mây rải rác",33.9,°C,23.6,°C,37.4,°C,27.7,°C,2026-03-25T05:54,iso8601,2026-03-25T18:03,iso8601,9.25,0.0,mm,0,%,16.9,km/h,35.3,km/h,138,°,2026-03-25,iso8601
5c102b63aa90f2eef5df4b938729914d,2026-03-25-20-06,10.7336,106.7236,2,wmo code,"Trời quang, có mây rải rác",33.9,°C,23.6,°C,37.4,°C,27.7,°C,2026-03-25T05:54,iso8601,2026-03-25T18:03,iso8601,9.25,0.0,mm,0,%,16.9,km/h,35.3,km/h,138,°,2026-03-25,iso8601
0b33f00c90edbf94a5fb0d6cb08787ae,2026-03-25-20-06,10.7827,106.6868,2,wmo code,"Trời quang, có mây rải rác",33.6,°C,23.1,°C,36.9,°C,27.1,°C,2026-03-25T05:54,iso8601,2026-03-25T18:04,iso8601,9.3,0.0,mm,0,%,16.1,km/h,32.4,km/h,138,°,2026-03-25,iso8601
2c0ec269f75728253ce3e07a5c8fb229,2026-03-25-20-06,10.7808,106.6589,2,wmo code,"Trời quang, có mây rải rác",33.6,°C,23.1,°C,36.9,°C,27.1,°C,2026-03-25T05:54,iso8601,2026-03-25T18:04,iso8601,9.3,0.0,mm,0,%,16.1,km/h,32.4,km/h,138,°,2026-03-25,iso8601
533d4363465fe3da773b88f3bcb892e5,2026-03-25-20-06,10.791,106.5555,2,wmo code,"Trời quang, có mây rải rác",33.9,°C,23.0,°C,37.3,°C,27.0,°C,2026-03-25T05:55,iso8601,2026-03-25T18:04,iso8601,9.25,0.0,mm,0,%,16.9,km/h,32.4,km/h,140,°,2026-03-25,iso8601
555304c560b2afe9670bbcb31285298a,2026-03-25-20-06,10.8126,106.6648,2,wmo code,"Trời quang, có mây rải rác",34.4,°C,23.1,°C,38.1,°C,27.1,°C,2026-03-25T05:54,iso8601,2026-03-25T18:04,iso8601,9.3,0.0,mm,0,%,16.9,km/h,33.5,km/h,142,°,2026-03-25,iso8601
fe89e81c704908a30c246e67aed9365a,2026-03-25-20-06,10.6828,106.5445,2,wmo code,"Trời quang, có mây rải rác",33.0,°C,23.0,°C,36.4,°C,27.1,°C,2026-03-25T05:55,iso8601,2026-03-25T18:04,iso8601,9.3,0.0,mm,0,%,14.3,km/h,30.2,km/h,132,°,2026-03-25,iso8601
268a920a92850452241197e08b870a5f,2026-03-25-20-06,10.752,106.6581,2,wmo code,"Trời quang, có mây rải rác",33.6,°C,23.1,°C,36.9,°C,27.1,°C,2026-03-25T05:54,iso8601,2026-03-25T18:04,iso8601,9.3,0.0,mm,0,%,16.1,km/h,32.4,km/h,138,°,2026-03-25,iso8601
43ccf1a8e1425f3a0fedfc6934db009d,2026-03-25-20-06,10.747,106.7484,2,wmo code,"Trời quang, có mây rải rác",33.9,°C,23.6,°C,37.4,°C,27.7,°C,2026-03-25T05:54,iso8601,2026-03-25T18:03,iso8601,9.25,0.0,mm,0,%,16.9,km/h,35.3,km/h,138,°,2026-03-25,iso8601
b450ce12f0106fd3cf9fbefc7c6c31a7,2026-03-25-20-06,10.8264,106.68,2,wmo code,"Trời quang, có mây rải rác",34.4,°C,23.1,°C,38.1,°C,27.0,°C,2026-03-25T05:54,iso8601,2026-03-25T18:04,iso8601,9.3,0.0,mm,0,%,16.9,km/h,33.5,km/h,142,°,2026-03-25,iso8601
438d803e98b5e9edb01239ed9f38a441,2026-03-25-20-06,10.833,106.7645,2,wmo code,"Trời quang, có mây rải rác",34.5,°C,23.2,°C,38.3,°C,27.2,°C,2026-03-25T05:54,iso8601,2026-03-25T18:03,iso8601,9.25,0.0,mm,0,%,16.9,km/h,33.5,km/h,142,°,2026-03-25,iso8601
9793e9678dd4c80b990793cdd330a5cb,2026-03-25-20-06,10.859,106.6799,2,wmo code,"Trời quang, có mây rải rác",34.4,°C,23.2,°C,38.2,°C,27.1,°C,2026-03-25T05:54,iso8601,2026-03-25T18:04,iso8601,9.3,0.0,mm,0,%,16.9,km/h,33.5,km/h,142,°,2026-03-25,iso8601
ecf695bbcf2f116ccdbb9fc7593cf055,2026-03-25-20-06,10.8427,106.6148,2,wmo code,"Trời quang, có mây rải rác",34.4,°C,23.1,°C,38.1,°C,27.1,°C,2026-03-25T05:54,iso8601,2026-03-25T18:04,iso8601,9.3,0.0,mm,0,%,16.9,km/h,33.5,km/h,142,°,2026-03-25,iso8601
363d1a8264d89a6d6301bf2c3e5dfd61,2026-03-25-20-06,10.7858,106.7036,2,wmo code,"Trời quang, có mây rải rác",33.8,°C,23.5,°C,37.3,°C,27.5,°C,2026-03-25T05:54,iso8601,2026-03-25T18:03,iso8601,9.25,0.0,mm,0,%,16.9,km/h,35.3,km/h,138,°,2026-03-25,iso8601
88eb8138f2cb29ffaab0665a2597ff8c,2026-03-25-20-06,10.8672,106.6414,2,wmo code,"Trời quang, có mây rải rác",34.4,°C,23.1,°C,38.1,°C,27.1,°C,2026-03-25T05:54,iso8601,2026-03-25T18:04,iso8601,9.3,0.0,mm,0,%,16.9,km/h,33.5,km/h,142,°,2026-03-25,iso8601
86163a5b85f5781a1a097719e51b4386,2026-03-25-20-06,10.8185,106.687,2,wmo code,"Trời quang, có mây rải rác",34.4,°C,23.1,°C,38.1,°C,27.0,°C,2026-03-25T05:54,iso8601,2026-03-25T18:04,iso8601,9.3,0.0,mm,0,%,16.9,km/h,33.5,km/h,142,°,2026-03-25,iso8601
d519d510f092a4abf0a1500a25695c64,2026-03-25-20-06,10.8345,106.7295,2,wmo code,"Trời quang, có mây rải rác",34.5,°C,23.3,°C,38.3,°C,27.3,°C,2026-03-25T05:54,iso8601,2026-03-25T18:03,iso8601,9.25,0.0,mm,0,%,16.9,km/h,33.5,km/h,142,°,2026-03-25,iso8601
b7e6bbf9dd14cbbb36a22cc440ce1698,2026-03-25-20-06,10.805,106.6643,2,wmo code,"Trời quang, có mây rải rác",33.5,°C,23.0,°C,36.9,°C,27.1,°C,2026-03-25T05:54,iso8601,2026-03-25T18:04,iso8601,9.3,0.0,mm,0,%,16.1,km/h,32.4,km/h,138,°,2026-03-25,iso8601
0c807e769efb4db2eee959f1506594be,2026-03-25-20-06,10.7739,106.6646,2,wmo code,"Trời quang, có mây rải rác",33.5,°C,23.0,°C,36.9,°C,27.1,°C,2026-03-25T05:54,iso8601,2026-03-25T18:04,iso8601,9.3,0.0,mm,0,%,16.1,km/h,32.4,km/h,138,°,2026-03-25,iso8601
6fa98b4986519f38238f69e972acf5c1,2026-03-25-20-06,10.7844,106.7192,2,wmo code,"Trời quang, có mây rải rác",33.9,°C,23.7,°C,37.5,°C,27.7,°C,2026-03-25T05:54,iso8601,2026-03-25T18:03,iso8601,9.25,0.0,mm,0,%,16.9,km/h,35.3,km/h,138,°,2026-03-25,iso8601
e60f6940bca29797062ec575599d5b16,2026-03-25-20-06,10.7991,106.6803,2,wmo code,"Trời quang, có mây rải rác",33.6,°C,23.1,°C,36.9,°C,27.1,°C,2026-03-25T05:54,iso8601,2026-03-25T18:04,iso8601,9.3,0.0,mm,0,%,16.1,km/h,32.4,km/h,138,°,2026-03-25,iso8601
a8358e6b21b29c958798a96d7ac8e39c,2026-03-25-20-06,10.7985,106.6626,2,wmo code,"Trời quang, có mây rải rác",33.5,°C,23.0,°C,36.9,°C,27.1,°C,2026-03-25T05:54,iso8601,2026-03-25T18:04,iso8601,9.3,0.0,mm,0,%,16.1,km/h,32.4,km/h,138,°,2026-03-25,iso8601
8365b8d2eabde3e12751af23962cfaef,2026-03-25-20-06,10.801,106.6575,2,wmo code,"Trời quang, có mây rải rác",33.5,°C,23.0,°C,36.9,°C,27.1,°C,2026-03-25T05:54,iso8601,2026-03-25T18:04,iso8601,9.3,0.0,mm,0,%,16.1,km/h,32.4,km/h,138,°,2026-03-25,iso8601
b054d86623fc5578e63fc284ad3db287,2026-03-25-20-06,10.801,106.6431,2,wmo code,"Trời quang, có mây rải rác",33.5,°C,23.0,°C,36.9,°C,27.1,°C,2026-03-25T05:54,iso8601,2026-03-25T18:04,iso8601,9.3,0.0,mm,0,%,16.1,km/h,32.4,km/h,138,°,2026-03-25,iso8601
93c02284c0d51d86197a2bdc052a0c3f,2026-03-25-20-06,10.7461,106.6689,2,wmo code,"Trời quang, có mây rải rác",33.6,°C,23.1,°C,36.9,°C,27.1,°C,2026-03-25T05:54,iso8601,2026-03-25T18:04,iso8601,9.3,0.0,mm,0,%,16.1,km/h,32.4,km/h,138,°,2026-03-25,iso8601
bde9b51245b2fe18d74551a3e3f686bf,2026-03-25-20-06,10.856,106.785,2,wmo code,"Trời quang, có mây rải rác",34.5,°C,23.2,°C,38.3,°C,27.2,°C,2026-03-25T05:54,iso8601,2026-03-25T18:03,iso8601,9.25,0.0,mm,0,%,16.9,km/h,33.5,km/h,142,°,2026-03-25,iso8601
a179566adbd5698884012c45a0a01aee,2026-03-25-20-06,10.7229,106.7192,2,wmo code,"Trời quang, có mây rải rác",33.9,°C,23.7,°C,37.5,°C,27.7,°C,2026-03-25T05:54,iso8601,2026-03-25T18:03,iso8601,9.25,0.0,mm,0,%,16.9,km/h,35.3,km/h,138,°,2026-03-25,iso8601
b735a8d0930fb7584bff1435f4a8e3c6,2026-03-25-20-06,10.7433,106.7405,2,wmo code,"Trời quang, có mây rải rác",33.9,°C,23.7,°C,37.5,°C,27.7,°C,2026-03-25T05:54,iso8601,2026-03-25T18:03,iso8601,9.25,0.0,mm,0,%,16.9,km/h,35.3,km/h,138,°,2026-03-25,iso8601
60111468ab13d6f1c26b24f74a398e82,2026-03-25-20-06,10.758,106.6496,2,wmo code,"Trời quang, có mây rải rác",33.6,°C,23.1,°C,36.9,°C,27.1,°C,2026-03-25T05:54,iso8601,2026-03-25T18:04,iso8601,9.3,0.0,mm,0,%,16.1,km/h,32.4,km/h,138,°,2026-03-25,iso8601
dc3bd1b79cd39a9091861c0bf9cf1372,2026-03-25-20-06,10.7692,106.6519,2,wmo code,"Trời quang, có mây rải rác",33.5,°C,23.0,°C,36.9,°C,27.1,°C,2026-03-25T05:54,iso8601,2026-03-25T18:04,iso8601,9.3,0.0,mm,0,%,16.1,km/h,32.4,km/h,138,°,2026-03-25,iso8601
f2f81afbd87997f065cf79da637f73d2,2026-03-25-20-06,10.767,106.6423,2,wmo code,"Trời quang, có mây rải rác",33.6,°C,23.1,°C,36.9,°C,27.1,°C,2026-03-25T05:54,iso8601,2026-03-25T18:04,iso8601,9.3,0.0,mm,0,%,16.1,km/h,32.4,km/h,138,°,2026-03-25,iso8601
ffc45fc8323e15dc38fe196bf3e46a21,2026-03-25-20-06,10.7746,106.7249,2,wmo code,"Trời quang, có mây rải rác",33.9,°C,23.6,°C,37.4,°C,27.7,°C,2026-03-25T05:54,iso8601,2026-03-25T18:03,iso8601,9.25,0.0,mm,0,%,16.9,km/h,35.3,km/h,138,°,2026-03-25,iso8601
012dc1c1d5e5cfb05bab3a2b4b76190c,2026-03-25-20-06,10.7503,106.6602,2,wmo code,"Trời quang, có mây rải rác",33.5,°C,23.0,°C,36.9,°C,27.1,°C,2026-03-25T05:54,iso8601,2026-03-25T18:04,iso8601,9.3,0.0,mm,0,%,16.1,km/h,32.4,km/h,138,°,2026-03-25,iso8601
38094a1b942b79e5625ffb721389a3f1,2026-03-25-20-06,10.6813,106.5375,2,wmo code,"Trời quang, có mây rải rác",33.0,°C,23.0,°C,36.4,°C,27.1,°C,2026-03-25T05:55,iso8601,2026-03-25T18:04,iso8601,9.3,0.0,mm,0,%,14.3,km/h,30.2,km/h,132,°,2026-03-25,iso8601
5d212d7c449189e142f8a351a928feed,2026-03-25-20-06,10.7548,106.6708,2,wmo code,"Trời quang, có mây rải rác",33.6,°C,23.1,°C,36.9,°C,27.1,°C,2026-03-25T05:54,iso8601,2026-03-25T18:04,iso8601,9.3,0.0,mm,0,%,16.1,km/h,32.4,km/h,138,°,2026-03-25,iso8601
d7bfc7525cd1edc14da4d3696f6fcac3,2026-03-25-20-06,10.8365,106.6583,2,wmo code,"Trời quang, có mây rải rác",34.4,°C,23.1,°C,38.1,°C,27.0,°C,2026-03-25T05:54,iso8601,2026-03-25T18:04,iso8601,9.3,0.0,mm,0,%,16.9,km/h,33.5,km/h,142,°,2026-03-25,iso8601
f24c8c1555d3fef750e5bdb542f65384,2026-03-25-20-06,10.8216,106.7136,2,wmo code,"Trời quang, có mây rải rác",34.5,°C,23.3,°C,38.4,°C,27.3,°C,2026-03-25T05:54,iso8601,2026-03-25T18:03,iso8601,9.25,0.0,mm,0,%,16.9,km/h,33.5,km/h,142,°,2026-03-25,iso8601
74ef85fbba86aea448f55f140da46e7f,2026-03-25-20-06,10.7862,106.6516,2,wmo code,"Trời quang, có mây rải rác",33.5,°C,23.0,°C,36.9,°C,27.1,°C,2026-03-25T05:54,iso8601,2026-03-25T18:04,iso8601,9.3,0.0,mm,0,%,16.1,km/h,32.4,km/h,138,°,2026-03-25,iso8601
20ca31c84c747b68760945e40693c888,2026-03-25-20-06,10.7711,106.6735,2,wmo code,"Trời quang, có mây rải rác",33.5,°C,23.0,°C,36.9,°C,27.1,°C,2026-03-25T05:54,iso8601,2026-03-25T18:04,iso8601,9.3,0.0,mm,0,%,16.1,km/h,32.4,km/h,138,°,2026-03-25,iso8601
a5f843bbb7798d58c803e19aefd88c36,2026-03-25-20-06,10.8415,106.7687,2,wmo code,"Trời quang, có mây rải rác",34.4,°C,23.2,°C,38.2,°C,27.1,°C,2026-03-25T05:54,iso8601,2026-03-25T18:03,iso8601,9.25,0.0,mm,0,%,16.9,km/h,33.5,km/h,142,°,2026-03-25,iso8601
11cd545a14b3f700ac39c4d5a330f3fa,2026-03-25-20-06,10.7662,106.6543,2,wmo code,"Trời quang, có mây rải rác",33.6,°C,23.1,°C,36.9,°C,27.1,°C,2026-03-25T05:54,iso8601,2026-03-25T18:04,iso8601,9.3,0.0,mm,0,%,16.1,km/h,32.4,km/h,138,°,2026-03-25,iso8601
2e3cc70791522bc368a202f945597c97,2026-03-25-20-06,10.8311,106.7636,2,wmo code,"Trời quang, có mây rải rác",34.5,°C,23.2,°C,38.3,°C,27.2,°C,2026-03-25T05:54,iso8601,2026-03-25T18:03,iso8601,9.25,0.0,mm,0,%,16.9,km/h,33.5,km/h,142,°,2026-03-25,iso8601
d4bae69d9000469f93a269bf4795864f,2026-03-25-20-06,10.7694,106.7174,2,wmo code,"Trời quang, có mây rải rác",33.9,°C,23.6,°C,37.4,°C,27.7,°C,2026-03-25T05:54,iso8601,2026-03-25T18:03,iso8601,9.25,0.0,mm,0,%,16.9,km/h,35.3,km/h,138,°,2026-03-25,iso8601
89479dc4a7719faf7acf04a66a8cac89,2026-03-25-20-06,10.8133,106.6649,2,wmo code,"Trời quang, có mây rải rác",34.4,°C,23.1,°C,38.1,°C,27.1,°C,2026-03-25T05:54,iso8601,2026-03-25T18:04,iso8601,9.3,0.0,mm,0,%,16.9,km/h,33.5,km/h,142,°,2026-03-25,iso8601
99d0f7e3186590f9820064321287413b,2026-03-25-20-06,10.7611,106.6746,2,wmo code,"Trời quang, có mây rải rác",33.5,°C,23.0,°C,36.9,°C,27.1,°C,2026-03-25T05:54,iso8601,2026-03-25T18:04,iso8601,9.3,0.0,mm,0,%,16.1,km/h,32.4,km/h,138,°,2026-03-25,iso8601
0c8c8deb6ff00aea42cec01b72e76bb8,2026-03-25-20-06,10.8292,106.7225,2,wmo code,"Trời quang, có mây rải rác",34.5,°C,23.3,°C,38.3,°C,27.2,°C,2026-03-25T05:54,iso8601,2026-03-25T18:03,iso8601,9.25,0.0,mm,0,%,16.9,km/h,33.5,km/h,142,°,2026-03-25,iso8601
302d4125efbb7c78066753c7a38c4015,2026-03-25-20-06,10.7693,106.6377,2,wmo code,"Trời quang, có mây rải rác",33.6,°C,23.1,°C,37.0,°C,27.1,°C,2026-03-25T05:54,iso8601,2026-03-25T18:04,iso8601,9.3,0.0,mm,0,%,16.1,km/h,32.4,km/h,138,°,2026-03-25,iso8601
67de27da28b2daee04ece7e83f309f6e,2026-03-25-20-06,10.8315,106.7053,2,wmo code,"Trời quang, có mây rải rác",34.5,°C,23.2,°C,38.3,°C,27.2,°C,2026-03-25T05:54,iso8601,2026-03-25T18:03,iso8601,9.25,0.0,mm,0,%,16.9,km/h,33.5,km/h,142,°,2026-03-25,iso8601
a179566adbd5698884012c45a0a01aee,2026-03-25-20-06,10.7231,106.8257,2,wmo code,"Trời quang, có mây rải rác",34.2,°C,23.6,°C,38.0,°C,27.7,°C,2026-03-25T05:53,iso8601,2026-03-25T18:03,iso8601,9.25,0.0,mm,0,%,17.3,km/h,36.0,km/h,138,°,2026-03-25,iso8601
76b9a2f65e8ce0c7e59fc177f40147ed,2026-03-25-20-06,10.7036,106.7266,2,wmo code,"Trời quang, có mây rải rác",33.9,°C,23.7,°C,37.5,°C,27.7,°C,2026-03-25T05:54,iso8601,2026-03-25T18:03,iso8601,9.25,0.0,mm,0,%,16.9,km/h,35.3,km/h,138,°,2026-03-25,iso8601
a960c9c163a0e85f4a7ae26917c861a5,2026-03-25-20-06,10.7337,106.7116,2,wmo code,"Trời quang, có mây rải rác",33.9,°C,23.6,°C,37.4,°C,27.7,°C,2026-03-25T05:54,iso8601,2026-03-25T18:03,iso8601,9.25,0.0,mm,0,%,16.9,km/h,35.3,km/h,138,°,2026-03-25,iso8601
f1f8a3020a67de846fb9e86ae878e8ee,2026-03-25-20-06,10.8414,106.7439,2,wmo code,"Trời quang, có mây rải rác",34.5,°C,23.3,°C,38.3,°C,27.3,°C,2026-03-25T05:54,iso8601,2026-03-25T18:03,iso8601,9.25,0.0,mm,0,%,16.9,km/h,33.5,km/h,142,°,2026-03-25,iso8601
b886bd4f4dc50467f457ac903cb1c28d,2026-03-25-20-06,10.7738,106.6616,2,wmo code,"Trời quang, có mây rải rác",33.5,°C,23.0,°C,36.9,°C,27.1,°C,2026-03-25T05:54,iso8601,2026-03-25T18:04,iso8601,9.3,0.0,mm,0,%,16.1,km/h,32.4,km/h,138,°,2026-03-25,iso8601
43af34a1cc2943a2a639ad9d67e0247b,2026-03-25-20-06,10.8853,106.8049,2,wmo code,"Trời quang, có mây rải rác",34.4,°C,23.2,°C,38.2,°C,27.1,°C,2026-03-25T05:54,iso8601,2026-03-25T18:03,iso8601,9.25,0.0,mm,0,%,16.9,km/h,33.5,km/h,142,°,2026-03-25,iso8601
7c460dcfcaee98eeba3d0aa19823f874,2026-03-25-20-06,10.759,106.6755,2,wmo code,"Trời quang, có mây rải rác",33.5,°C,23.0,°C,36.9,°C,27.1,°C,2026-03-25T05:54,iso8601,2026-03-25T18:04,iso8601,9.3,0.0,mm,0,%,16.1,km/h,32.4,km/h,138,°,2026-03-25,iso8601
8ebb4c8c33e51a98f243c943da7e73e1,2026-03-25-20-06,10.8459,106.7716,2,wmo code,"Trời quang, có mây rải rác",34.4,°C,23.1,°C,38.1,°C,27.0,°C,2026-03-25T05:54,iso8601,2026-03-25T18:03,iso8601,9.25,0.0,mm,0,%,16.9,km/h,33.5,km/h,142,°,2026-03-25,iso8601
05922703e6e8034668238b7e7d28a66d,2026-03-25-20-06,10.7186,106.6037,2,wmo code,"Trời quang, có mây rải rác",33.6,°C,23.1,°C,37.0,°C,27.2,°C,2026-03-25T05:54,iso8601,2026-03-25T18:04,iso8601,9.3,0.0,mm,0,%,16.1,km/h,32.4,km/h,138,°,2026-03-25,iso8601
930d3617a3ab7b584b0405b337222571,2026-03-25-20-06,10.8385,106.6801,2,wmo code,"Trời quang, có mây rải rác",34.4,°C,23.1,°C,38.1,°C,27.0,°C,2026-03-25T05:54,iso8601,2026-03-25T18:04,iso8601,9.3,0.0,mm,0,%,16.9,km/h,33.5,km/h,142,°,2026-03-25,iso8601
292a3feab9327edd0394ed3845c696e4,2026-03-25-20-06,10.7443,106.6957,2,wmo code,"Trời quang, có mây rải rác",33.9,°C,23.6,°C,37.4,°C,27.7,°C,2026-03-25T05:54,iso8601,2026-03-25T18:03,iso8601,9.3,0.0,mm,0,%,16.9,km/h,35.3,km/h,138,°,2026-03-25,iso8601
0e3f9a7458675955792ad89d4d670e37,2026-03-25-20-06,10.8181,106.7128,2,wmo code,"Trời quang, có mây rải rác",34.5,°C,23.3,°C,38.3,°C,27.3,°C,2026-03-25T05:54,iso8601,2026-03-25T18:03,iso8601,9.25,0.0,mm,0,%,16.9,km/h,33.5,km/h,142,°,2026-03-25,iso8601
a9b66452f50c1ce9f45f754a07a783c0,2026-03-25-20-06,10.7709,106.673,2,wmo code,"Trời quang, có mây rải rác",33.5,°C,23.0,°C,36.9,°C,27.1,°C,2026-03-25T05:54,iso8601,2026-03-25T18:04,iso8601,9.3,0.0,mm,0,%,16.1,km/h,32.4,km/h,138,°,2026-03-25,iso8601
9e8ff4d9311cdcda6c25a592b28ef761,2026-03-25-20-06,10.7438,106.8045,2,wmo code,"Trời quang, có mây rải rác",33.9,°C,23.6,°C,37.4,°C,27.7,°C,2026-03-25T05:54,iso8601,2026-03-25T18:03,iso8601,9.25,0.0,mm,0,%,16.9,km/h,35.3,km/h,138,°,2026-03-25,iso8601
0c5789508b78f3391791b84ee047f28d,2026-03-25-20-06,10.7722,106.6838,2,wmo code,"Trời quang, có mây rải rác",33.5,°C,23.0,°C,36.9,°C,27.0,°C,2026-03-25T05:54,iso8601,2026-03-25T18:04,iso8601,9.3,0.0,mm,0,%,16.1,km/h,32.4,km/h,138,°,2026-03-25,iso8601
e7cd71415050cd2dc0bdbf81b87342e0,2026-03-25-20-06,10.6904,106.5689,2,wmo code,"Trời quang, có mây rải rác",33.6,°C,23.1,°C,37.0,°C,27.2,°C,2026-03-25T05:54,iso8601,2026-03-25T18:04,iso8601,9.3,0.0,mm,0,%,16.1,km/h,32.4,km/h,138,°,2026-03-25,iso8601
e6471d556f48d2620665619ed1e9f743,2026-03-25-20-06,10.7958,106.7028,2,wmo code,"Trời quang, có mây rải rác",33.9,°C,23.6,°C,37.4,°C,27.7,°C,2026-03-25T05:54,iso8601,2026-03-25T18:03,iso8601,9.25,0.0,mm,0,%,16.9,km/h,35.3,km/h,138,°,2026-03-25,iso8601
b001fef67f6c2ecbf851f1f2f2485b76,2026-03-25-20-06,10.8703,106.6368,2,wmo code,"Trời quang, có mây rải rác",34.4,°C,23.1,°C,38.1,°C,27.1,°C,2026-03-25T05:54,iso8601,2026-03-25T18:04,iso8601,9.3,0.0,mm,0,%,16.9,km/h,33.5,km/h,142,°,2026-03-25,iso8601
8f34cd4295a3e0db72169eaed2e023ab,2026-03-25-20-06,10.7512,106.692,2,wmo code,"Trời quang, có mây rải rác",33.9,°C,23.6,°C,37.4,°C,27.7,°C,2026-03-25T05:54,iso8601,2026-03-25T18:03,iso8601,9.3,0.0,mm,0,%,16.9,km/h,35.3,km/h,138,°,2026-03-25,iso8601
3eda83f2c7043f8944fe188f2437d03d,2026-03-25-20-06,10.7965,106.7825,2,wmo code,"Trời quang, có mây rải rác",33.9,°C,23.6,°C,37.4,°C,27.7,°C,2026-03-25T05:54,iso8601,2026-03-25T18:03,iso8601,9.25,0.0,mm,0,%,16.9,km/h,35.3,km/h,138,°,2026-03-25,iso8601
e43538d8c2cafb6c92cd81166c383ffd,2026-03-25-20-06,10.7653,106.6465,2,wmo code,"Trời quang, có mây rải rác",33.5,°C,23.0,°C,36.9,°C,27.1,°C,2026-03-25T05:54,iso8601,2026-03-25T18:04,iso8601,9.3,0.0,mm,0,%,16.1,km/h,32.4,km/h,138,°,2026-03-25,iso8601
f85da89682a6ec3d59f053125b77e962,2026-03-25-20-06,10.839,106.7683,2,wmo code,"Trời quang, có mây rải rác",34.5,°C,23.2,°C,38.2,°C,27.2,°C,2026-03-25T05:54,iso8601,2026-03-25T18:03,iso8601,9.25,0.0,mm,0,%,16.9,km/h,33.5,km/h,142,°,2026-03-25,iso8601
84422c631f5384d4e096f96f186a2a7d,2026-03-25-20-06,10.7655,106.6596,2,wmo code,"Trời quang, có mây rải rác",33.6,°C,23.1,°C,36.9,°C,27.1,°C,2026-03-25T05:54,iso8601,2026-03-25T18:04,iso8601,9.3,0.0,mm,0,%,16.1,km/h,32.4,km/h,138,°,2026-03-25,iso8601
df0613230b902b46a833311e4547b083,2026-03-25-20-06,10.8274,106.6249,2,wmo code,"Trời quang, có mây rải rác",34.4,°C,23.1,°C,38.2,°C,27.1,°C,2026-03-25T05:54,iso8601,2026-03-25T18:04,iso8601,9.3,0.0,mm,0,%,16.9,km/h,33.5,km/h,142,°,2026-03-25,iso8601
4ed93ab0d545f2e012459b2bacc942ec,2026-03-25-20-06,10.841,106.7045,2,wmo code,"Trời quang, có mây rải rác",34.5,°C,23.3,°C,38.3,°C,27.3,°C,2026-03-25T05:54,iso8601,2026-03-25T18:03,iso8601,9.25,0.0,mm,0,%,16.9,km/h,33.5,km/h,142,°,2026-03-25,iso8601
ed773c718824bb9cf5fdf2546d338ab7,2026-03-25-20-06,10.7736,106.6212,2,wmo code,"Trời quang, có mây rải rác",33.6,°C,23.1,°C,36.9,°C,27.1,°C,2026-03-25T05:54,iso8601,2026-03-25T18:04,iso8601,9.3,0.0,mm,0,%,16.1,km/h,32.4,km/h,138,°,2026-03-25,iso8601
aca6705b1d62342359f176619f7beaba,2026-03-25-20-06,10.766,106.664,2,wmo code,"Trời quang, có mây rải rác",33.5,°C,23.0,°C,36.9,°C,27.0,°C,2026-03-25T05:54,iso8601,2026-03-25T18:04,iso8601,9.3,0.0,mm,0,%,16.1,km/h,32.4,km/h,138,°,2026-03-25,iso8601
bcbced11f42b439c245dea1d61eb96f7,2026-03-25-20-06,10.8691,106.7361,2,wmo code,"Trời quang, có mây rải rác",34.5,°C,23.2,°C,38.3,°C,27.2,°C,2026-03-25T05:54,iso8601,2026-03-25T18:03,iso8601,9.25,0.0,mm,0,%,16.9,km/h,33.5,km/h,142,°,2026-03-25,iso8601
3c0167e8901fdb249e907289256872ee,2026-03-25-20-06,10.7576,106.6483,2,wmo code,"Trời quang, có mây rải rác",33.5,°C,23.0,°C,36.9,°C,27.1,°C,2026-03-25T05:54,iso8601,2026-03-25T18:04,iso8601,9.3,0.0,mm,0,%,16.1,km/h,32.4,km/h,138,°,2026-03-25,iso8601
b82266efeba8e716ad44efef5a4c20cd,2026-03-25-20-06,10.7592,106.6561,2,wmo code,"Trời quang, có mây rải rác",33.5,°C,23.0,°C,36.9,°C,27.1,°C,2026-03-25T05:54,iso8601,2026-03-25T18:04,iso8601,9.3,0.0,mm,0,%,16.1,km/h,32.4,km/h,138,°,2026-03-25,iso8601
38b68e4bfe46f142d77488b621cd805c,2026-03-25-20-06,10.7683,106.7773,2,wmo code,"Trời quang, có mây rải rác",33.9,°C,23.6,°C,37.4,°C,27.7,°C,2026-03-25T05:54,iso8601,2026-03-25T18:03,iso8601,9.25,0.0,mm,0,%,16.9,km/h,35.3,km/h,138,°,2026-03-25,iso8601
0601be6b859ed882ea97ee568f158edf,2026-03-25-20-06,10.8443,106.6401,2,wmo code,"Trời quang, có mây rải rác",34.4,°C,23.2,°C,38.2,°C,27.1,°C,2026-03-25T05:54,iso8601,2026-03-25T18:04,iso8601,9.3,0.0,mm,0,%,16.9,km/h,33.5,km/h,142,°,2026-03-25,iso8601
9a4098e379a9b102af2e32a4d82c34cb,2026-03-25-20-06,10.7752,106.6464,2,wmo code,"Trời quang, có mây rải rác",33.5,°C,23.0,°C,36.9,°C,27.1,°C,2026-03-25T05:54,iso8601,2026-03-25T18:04,iso8601,9.3,0.0,mm,0,%,16.1,km/h,32.4,km/h,138,°,2026-03-25,iso8601
6270a26aabe5671399538bb8e15191fe,2026-03-25-20-06,10.7494,106.6731,2,wmo code,"Trời quang, có mây rải rác",33.6,°C,23.1,°C,36.9,°C,27.1,°C,2026-03-25T05:54,iso8601,2026-03-25T18:04,iso8601,9.3,0.0,mm,0,%,16.1,km/h,32.4,km/h,138,°,2026-03-25,iso8601
2b1fb9e1bc5fa7b343da8b13cf3429fd,2026-03-25-20-06,10.826,106.7145,2,wmo code,"Trời quang, có mây rải rác",34.5,°C,23.3,°C,38.3,°C,27.3,°C,2026-03-25T05:54,iso8601,2026-03-25T18:03,iso8601,9.25,0.0,mm,0,%,16.9,km/h,33.5,km/h,142,°,2026-03-25,iso8601
9a4098e379a9b102af2e32a4d82c34cb,2026-03-25-20-06,10.7761,106.6384,2,wmo code,"Trời quang, có mây rải rác",33.6,°C,23.1,°C,36.9,°C,27.1,°C,2026-03-25T05:54,iso8601,2026-03-25T18:04,iso8601,9.3,0.0,mm,0,%,16.1,km/h,32.4,km/h,138,°,2026-03-25,iso8601
900ad9b82bb6e75e454ac498bc1e67e3,2026-03-25-20-06,10.7666,106.6652,2,wmo code,"Trời quang, có mây rải rác",33.5,°C,23.0,°C,36.9,°C,27.0,°C,2026-03-25T05:54,iso8601,2026-03-25T18:04,iso8601,9.3,0.0,mm,0,%,16.1,km/h,32.4,km/h,138,°,2026-03-25,iso8601
8b7b56809af4395a2a2a9a0c41c89784,2026-03-25-20-06,10.8194,106.6018,2,wmo code,"Trời quang, có mây rải rác",34.4,°C,23.2,°C,38.2,°C,27.1,°C,2026-03-25T05:54,iso8601,2026-03-25T18:04,iso8601,9.3,0.0,mm,0,%,16.9,km/h,33.5,km/h,142,°,2026-03-25,iso8601
56540f655ecaf0cd3e212d5b48709ef6,2026-03-25-20-06,10.7622,106.683,2,wmo code,"Trời quang, có mây rải rác",33.5,°C,23.0,°C,36.9,°C,27.1,°C,2026-03-25T05:54,iso8601,2026-03-25T18:04,iso8601,9.3,0.0,mm,0,%,16.1,km/h,32.4,km/h,138,°,2026-03-25,iso8601
bbb7badb4cb5b83e958214bebd1cebc2,2026-03-25-20-06,10.749,106.6257,2,wmo code,"Trời quang, có mây rải rác",33.6,°C,23.1,°C,36.9,°C,27.1,°C,2026-03-25T05:54,iso8601,2026-03-25T18:04,iso8601,9.3,0.0,mm,0,%,16.1,km/h,32.4,km/h,138,°,2026-03-25,iso8601
9bcf9d131b18487f8813ef4c6c42ab9e,2026-03-25-20-06,10.7681,106.6798,2,wmo code,"Trời quang, có mây rải rác",33.5,°C,23.0,°C,36.9,°C,27.1,°C,2026-03-25T05:54,iso8601,2026-03-25T18:04,iso8601,9.3,0.0,mm,0,%,16.1,km/h,32.4,km/h,138,°,2026-03-25,iso8601
aeecba4644144cf6e51cbee41b99a6a3,2026-03-25-20-06,10.7849,106.651,2,wmo code,"Trời quang, có mây rải rác",33.5,°C,23.0,°C,36.9,°C,27.1,°C,2026-03-25T05:54,iso8601,2026-03-25T18:04,iso8601,9.3,0.0,mm,0,%,16.1,km/h,32.4,km/h,138,°,2026-03-25,iso8601
